0.0 0.07264187932014465  0.11147556453943253 
1.0 0.059855055063962936  0.061184562742710114 
2.0 0.05290401726961136  0.05022134631872177 
3.0 0.04463522508740425  0.044771935790777206 
4.0 0.04648560658097267  0.0408196821808815 
5.0 0.037758246064186096  0.037936825305223465 
6.0 0.0345669761300087  0.035399116575717926 
7.0 0.03332643210887909  0.03332042694091797 
8.0 0.03259691223502159  0.03169571980834007 
9.0 0.029462285339832306  0.030059602111577988 
10.0 0.03534948080778122  0.02847428061068058 
11.0 0.0340949222445488  0.027049222961068153 
12.0 0.029452025890350342  0.025610070675611496 
13.0 0.03220986947417259  0.024751199409365654 
14.0 0.023615866899490356  0.023281872272491455 
15.0 0.022870605811476707  0.02282416634261608 
16.0 0.02545991539955139  0.021939322352409363 
17.0 0.021494049578905106  0.021237622946500778 
18.0 0.02104254439473152  0.020766152068972588 
19.0 0.018877234309911728  0.0199514701962471 
20.0 0.018153799697756767  0.01914588175714016 
21.0 0.01770847477018833  0.01918136514723301 
22.0 0.019467484205961227  0.018392270430922508 
23.0 0.01711888797581196  0.017991764470934868 
24.0 0.01793650910258293  0.01749008521437645 
25.0 0.019588306546211243  0.017485138028860092 
26.0 0.017035000026226044  0.016643255949020386 
27.0 0.018544718623161316  0.01626821793615818 
28.0 0.01655847765505314  0.01617204211652279 
29.0 0.017023412510752678  0.015853120014071465 
30.0 0.018054848536849022  0.015389345586299896 
31.0 0.014914036728441715  0.0151053536683321 
32.0 0.019349996000528336  0.015049834735691547 
33.0 0.015836436301469803  0.014599110931158066 
34.0 0.020005635917186737  0.014308910816907883 
35.0 0.021518874913454056  0.013984084129333496 
36.0 0.012977581471204758  0.013750392012298107 
37.0 0.015710143372416496  0.013540774583816528 
38.0 0.013583771884441376  0.013256380334496498 
39.0 0.015853621065616608  0.013287770561873913 
40.0 0.012770445086061954  0.012673093006014824 
41.0 0.011705959215760231  0.012692167423665524 
42.0 0.02066757343709469  0.012673983350396156 
43.0 0.011086488142609596  0.012402632273733616 
44.0 0.016589917242527008  0.01207592710852623 
45.0 0.01194267813116312  0.011737124063074589 
46.0 0.012080732733011246  0.011591993272304535 
47.0 0.011824220418930054  0.011491494253277779 
48.0 0.011542082764208317  0.011444470845162868 
49.0 0.01180297415703535  0.011436008848249912 
50.0 0.01137860119342804  0.010883758775889874 
51.0 0.012226958759129047  0.010992089286446571 
52.0 0.014910463243722916  0.01080664899200201 
53.0 0.013751466758549213  0.010747789405286312 
54.0 0.012762544676661491  0.010635387152433395 
55.0 0.011151213198900223  0.01041853055357933 
56.0 0.02156386896967888  0.010285991244018078 
57.0 0.012075637467205524  0.010213247500360012 
58.0 0.011863292194902897  0.010274047031998634 
59.0 0.012067913077771664  0.009817264974117279 
60.0 0.009414847940206528  0.009979523718357086 
61.0 0.012136761099100113  0.009528977796435356 
62.0 0.01027868501842022  0.00978175736963749 
63.0 0.010182442143559456  0.009614507667720318 
64.0 0.011312996037304401  0.009627955965697765 
65.0 0.009546448476612568  0.00932369101792574 
66.0 0.011704483069479465  0.00943172536790371 
67.0 0.012265552766621113  0.009231504052877426 
68.0 0.00924031250178814  0.009160359390079975 
69.0 0.009436555206775665  0.009131529368460178 
70.0 0.009899793192744255  0.008876150473952293 
71.0 0.008819075301289558  0.008952287025749683 
72.0 0.011870410293340683  0.008897575549781322 
73.0 0.009174483828246593  0.009082464501261711 
74.0 0.00937843881547451  0.008614515885710716 
75.0 0.00955337006598711  0.008613444864749908 
76.0 0.010883009992539883  0.008543461561203003 
77.0 0.010205807164311409  0.008475999347865582 
78.0 0.009302356280386448  0.008525968529284 
79.0 0.008890992030501366  0.008273567073047161 
80.0 0.011393677443265915  0.008524435572326183 
81.0 0.009684688411653042  0.008325794711709023 
82.0 0.011007007211446762  0.00839082058519125 
83.0 0.00952061451971531  0.008227163925766945 
84.0 0.012627341784536839  0.008229466155171394 
85.0 0.00792788714170456  0.008224680088460445 
86.0 0.010681023821234703  0.008061922155320644 
87.0 0.00944418553262949  0.008031787350773811 
88.0 0.008707626722753048  0.007897377014160156 
89.0 0.009174803271889687  0.007938915863633156 
90.0 0.009491624310612679  0.007822978310286999 
91.0 0.007707345765084028  0.00786054227501154 
92.0 0.00909548718482256  0.007891911081969738 
93.0 0.008319610729813576  0.007929920218884945 
94.0 0.008038281463086605  0.0075996676459908485 
95.0 0.007566968910396099  0.007620903197675943 
96.0 0.00762154720723629  0.007478958461433649 
97.0 0.007999069057404995  0.007658862508833408 
98.0 0.009118974208831787  0.007625052705407143 
99.0 0.007344866171479225  0.007503484841436148 
100.0 0.007412376813590527  0.00747997872531414 
101.0 0.0071012889966368675  0.007606739643961191 
102.0 0.010382317006587982  0.007350066676735878 
103.0 0.01025167666375637  0.007535650860518217 
104.0 0.008959340862929821  0.007230827584862709 
105.0 0.007626395206898451  0.007301047910004854 
106.0 0.00741823622956872  0.007346988655626774 
107.0 0.008578235283493996  0.007239219732582569 
108.0 0.006844779010862112  0.007252682466059923 
109.0 0.008200353942811489  0.007128013297915459 
110.0 0.006699125748127699  0.007223810069262981 
111.0 0.007024476770311594  0.007090253289788961 
112.0 0.00882991123944521  0.0072197881527245045 
113.0 0.007031226065009832  0.007029740139842033 
114.0 0.007213186006993055  0.006970348302274942 
115.0 0.007398985326290131  0.006992104463279247 
116.0 0.007533532567322254  0.006764658261090517 
117.0 0.007032101508229971  0.006821143440902233 
118.0 0.007545980624854565  0.0068029132671654224 
119.0 0.006652765907347202  0.00688817398622632 
120.0 0.007066634017974138  0.006758060771971941 
121.0 0.006618394050747156  0.006926029920578003 
122.0 0.009035956114530563  0.00682547502219677 
123.0 0.008871174417436123  0.006678035948425531 
124.0 0.006342717912048101  0.006688491906970739 
125.0 0.006539846770465374  0.006682850420475006 
126.0 0.009348035790026188  0.006560089532285929 
127.0 0.00895785540342331  0.006755326874554157 
128.0 0.007538986392319202  0.006654397118836641 
129.0 0.007373901084065437  0.006493004970252514 
130.0 0.006235734559595585  0.006561955902725458 
131.0 0.006672942079603672  0.006524319294840097 
132.0 0.006908623967319727  0.006581882946193218 
133.0 0.007439859677106142  0.006541165988892317 
134.0 0.0068491254933178425  0.006488202605396509 
135.0 0.006740846671164036  0.006445248145610094 
136.0 0.006598598323762417  0.006322966422885656 
137.0 0.005996973253786564  0.006383071653544903 
138.0 0.006822599563747644  0.0064715426415205 
139.0 0.006401354447007179  0.006355992052704096 
140.0 0.006154363974928856  0.006428447552025318 
141.0 0.00834630336612463  0.006346560548990965 
142.0 0.006309820804744959  0.006144016049802303 
143.0 0.008333051577210426  0.006181988399475813 
144.0 0.007648995146155357  0.00624605268239975 
145.0 0.00620427168905735  0.006250760052353144 
146.0 0.007459224201738834  0.006238294765353203 
147.0 0.006435540970414877  0.006156247109174728 
148.0 0.008222060278058052  0.00609799986705184 
149.0 0.00554038817062974  0.006256359163671732 
150.0 0.006741262972354889  0.006004337687045336 
151.0 0.006906184833496809  0.006045871414244175 
152.0 0.006527384277433157  0.006104560568928719 
153.0 0.006933658383786678  0.006028591655194759 
154.0 0.006116785574704409  0.005993939936161041 
155.0 0.006443365942686796  0.006019337568432093 
156.0 0.006922630593180656  0.00598859041929245 
157.0 0.006401369348168373  0.00597438495606184 
158.0 0.005956295877695084  0.005966972094029188 
159.0 0.008051593787968159  0.005892396904528141 
160.0 0.0056579820811748505  0.006024927366524935 
161.0 0.005628796294331551  0.0059614344500005245 
162.0 0.005482880398631096  0.005899220239371061 
163.0 0.006989988964051008  0.005769046489149332 
164.0 0.00673301424831152  0.005919069517403841 
165.0 0.00625969935208559  0.00600408436730504 
166.0 0.005854793358594179  0.005959967616945505 
167.0 0.005344332195818424  0.005675103515386581 
168.0 0.0055564288049936295  0.005856013391166925 
169.0 0.00565548287704587  0.005765542387962341 
170.0 0.00558274332433939  0.005879160016775131 
171.0 0.006655433680862188  0.005713909864425659 
172.0 0.005741854198276997  0.00578681193292141 
173.0 0.005123762879520655  0.0056929453276097775 
174.0 0.007334115449339151  0.005677060689777136 
175.0 0.005429960787296295  0.005822245497256517 
176.0 0.006490654777735472  0.005656125955283642 
177.0 0.007126750890165567  0.005654946900904179 
178.0 0.006126163527369499  0.005694847088307142 
179.0 0.005549591034650803  0.005465441383421421 
180.0 0.005698585417121649  0.00563387107104063 
181.0 0.005548355169594288  0.005794422701001167 
182.0 0.005715935491025448  0.0054474156349897385 
183.0 0.005251782014966011  0.0055837263353168964 
184.0 0.005756522994488478  0.0056313504464924335 
185.0 0.005244296509772539  0.005529231857508421 
186.0 0.006735718809068203  0.005625111982226372 
187.0 0.005792410112917423  0.005561405327171087 
188.0 0.006448280531913042  0.005404861643910408 
189.0 0.005410420708358288  0.005673831328749657 
190.0 0.006465546786785126  0.005367705132812262 
191.0 0.005113478284329176  0.005644462537020445 
192.0 0.006071890238672495  0.005382562056183815 
193.0 0.0056781829334795475  0.0053724502213299274 
194.0 0.005520252510905266  0.005579090211540461 
195.0 0.005893892142921686  0.005464552436023951 
196.0 0.0055924407206475735  0.005352236796170473 
197.0 0.006731837056577206  0.005369136575609446 
198.0 0.008144799619913101  0.005430189426988363 
199.0 0.0055646393448114395  0.005339208524674177 
