0.0 0.040050897747278214  0.10121976584196091 
1.0 0.02679365687072277  0.030070900917053223 
2.0 0.02069787308573723  0.022623853757977486 
3.0 0.019777005538344383  0.019461479038000107 
4.0 0.021588480100035667  0.017690667882561684 
5.0 0.01910056732594967  0.016459887847304344 
6.0 0.01609332486987114  0.015515695326030254 
7.0 0.015245378948748112  0.01477882731705904 
8.0 0.01381383091211319  0.01413822267204523 
9.0 0.01287290919572115  0.013569487258791924 
10.0 0.012519905343651772  0.01293778046965599 
11.0 0.01131164375692606  0.01235381979495287 
12.0 0.01133663672953844  0.011815871112048626 
13.0 0.013878517784178257  0.011437047272920609 
14.0 0.012326566502451897  0.01103101298213005 
15.0 0.010511167347431183  0.010717074386775494 
16.0 0.011340858414769173  0.010313882492482662 
17.0 0.010422708466649055  0.01002605352550745 
18.0 0.010326205752789974  0.009881441481411457 
19.0 0.010098442435264587  0.009614096023142338 
20.0 0.009208938106894493  0.009362416341900826 
21.0 0.009677045978605747  0.009183932095766068 
22.0 0.00847731065005064  0.0088499765843153 
23.0 0.009776582010090351  0.008655841462314129 
24.0 0.009603290818631649  0.008443310856819153 
25.0 0.008370114490389824  0.008184146136045456 
26.0 0.007632750552147627  0.008006003685295582 
27.0 0.007431670557707548  0.007776537910103798 
28.0 0.007292243652045727  0.007631551008671522 
29.0 0.007303454913198948  0.0074437265284359455 
30.0 0.00739905284717679  0.007285829167813063 
31.0 0.0069393436424434185  0.007112288381904364 
32.0 0.006871507037431002  0.006939801853150129 
33.0 0.006799677386879921  0.006798912305384874 
34.0 0.006945641711354256  0.0066398815251886845 
35.0 0.0066478862427175045  0.006471334025263786 
36.0 0.0064445072785019875  0.006318393163383007 
37.0 0.0059068407863378525  0.006182937882840633 
38.0 0.006115803029388189  0.006095163524150848 
39.0 0.005850483197718859  0.005992813501507044 
40.0 0.005712910555303097  0.005938509479165077 
41.0 0.0053137824870646  0.005815097130835056 
42.0 0.005365051329135895  0.005769033916294575 
43.0 0.0051413304172456264  0.005617637652903795 
44.0 0.0057143559679389  0.005571494810283184 
45.0 0.005187962669879198  0.005505066830664873 
46.0 0.005079842638224363  0.005477247294038534 
47.0 0.00513242045417428  0.005292252171784639 
48.0 0.005153146106749773  0.005290796514600515 
49.0 0.00491362763568759  0.005164603237062693 
50.0 0.004956720396876335  0.005211340729147196 
51.0 0.004849576856940985  0.005055340472608805 
52.0 0.004868536721915007  0.005047814920544624 
53.0 0.0046856296248734  0.004980023019015789 
54.0 0.0048579745925962925  0.005005464423447847 
55.0 0.0050841742195189  0.004922925960272551 
56.0 0.004595390520989895  0.0048003969714045525 
57.0 0.004568851087242365  0.004828715696930885 
58.0 0.005017656832933426  0.0047748638316988945 
59.0 0.004588867537677288  0.004692958202213049 
60.0 0.004833345301449299  0.004645731765776873 
61.0 0.00458849361166358  0.004589013289660215 
62.0 0.004773009102791548  0.004500746726989746 
63.0 0.004472821950912476  0.004474237095564604 
64.0 0.004691463429480791  0.004527747165411711 
65.0 0.004335231147706509  0.0043613966554403305 
66.0 0.004340454936027527  0.004357036668807268 
67.0 0.00452103465795517  0.004314686171710491 
68.0 0.004407417960464954  0.0043723867274820805 
69.0 0.004692004527896643  0.004222143907099962 
70.0 0.0042349728755652905  0.004209042061120272 
71.0 0.004216445609927177  0.004267347045242786 
72.0 0.004316304344683886  0.004197382368147373 
73.0 0.00414418987929821  0.00407995842397213 
74.0 0.004516997374594212  0.004169116728007793 
75.0 0.003971491474658251  0.004073084332048893 
76.0 0.004134586080908775  0.004025864880532026 
77.0 0.003992638550698757  0.003974926192313433 
78.0 0.0038762344047427177  0.004034603480249643 
79.0 0.0042575327679514885  0.003926772158592939 
80.0 0.004511368926614523  0.003913824912160635 
81.0 0.003944540861994028  0.0038800332695245743 
82.0 0.0036013300996273756  0.003893311368301511 
83.0 0.004138929769396782  0.0038645833265036345 
84.0 0.003676793072372675  0.003831370733678341 
85.0 0.0037152671720832586  0.003846104722470045 
86.0 0.004282362759113312  0.003799375146627426 
87.0 0.0035708786454051733  0.0037293536588549614 
88.0 0.0036609640810638666  0.0037005215417593718 
89.0 0.0038924850523471832  0.0037387595511972904 
90.0 0.0034874677658081055  0.003692879108712077 
91.0 0.00351653341203928  0.003639043075963855 
92.0 0.003699319437146187  0.0036190678365528584 
93.0 0.0036697264295071363  0.003639435861259699 
94.0 0.003906263504177332  0.003595306072384119 
95.0 0.0034742183052003384  0.0035786626394838095 
96.0 0.0036665971856564283  0.0035676152911037207 
97.0 0.0033676917664706707  0.0035322902258485556 
98.0 0.0034133191220462322  0.003495684592053294 
99.0 0.003388875862583518  0.0034632382448762655 
100.0 0.0037139500491321087  0.003477283753454685 
101.0 0.0036624090280383825  0.0034791415091603994 
102.0 0.003956703469157219  0.00345824402756989 
103.0 0.0033994014374911785  0.0034237161744385958 
104.0 0.003410020610317588  0.003400995396077633 
105.0 0.004202160518616438  0.003367556491866708 
106.0 0.0036023950669914484  0.00337572256103158 
107.0 0.004058217629790306  0.0033264425583183765 
108.0 0.003330566454678774  0.003329206956550479 
109.0 0.0034073141869157553  0.003292205510661006 
110.0 0.0033194096758961678  0.003294974798336625 
111.0 0.0033393523190170527  0.003249246394261718 
112.0 0.003379892325028777  0.003242454258725047 
113.0 0.0035523492842912674  0.0032284080516546965 
114.0 0.003455750411376357  0.0031835215631872416 
115.0 0.0032742677722126245  0.003199900733307004 
116.0 0.0034525415394455194  0.003174629295244813 
117.0 0.0032019936479628086  0.003160540945827961 
118.0 0.0032787215895950794  0.0031339041888713837 
119.0 0.003240796737372875  0.0031061572954058647 
120.0 0.0032544273417443037  0.003103329334408045 
121.0 0.003283337689936161  0.003077923087403178 
122.0 0.0032169248443096876  0.0030360722448676825 
123.0 0.0031911132391542196  0.003038552589714527 
124.0 0.0030602356418967247  0.0030363246332854033 
125.0 0.0030818746890872717  0.0029852334409952164 
126.0 0.0029615156818181276  0.0029674062971025705 
127.0 0.0029727595392614603  0.0029725548811256886 
128.0 0.0029029487632215023  0.0029361846391111612 
129.0 0.0029899785295128822  0.002916545607149601 
130.0 0.0030082128942012787  0.0029076910577714443 
131.0 0.002818215172737837  0.00288210716098547 
132.0 0.003084437223151326  0.002854740247130394 
133.0 0.002889687893912196  0.00285130413249135 
134.0 0.0031157543417066336  0.0028176349587738514 
135.0 0.0029372822027653456  0.0028106537647545338 
136.0 0.0028567351400852203  0.0027777734212577343 
137.0 0.0029026251286268234  0.002767888829112053 
138.0 0.0029462764505296946  0.0027466125320643187 
139.0 0.00291133183054626  0.0027256791945546865 
140.0 0.002916260389611125  0.002698908792808652 
141.0 0.0029762517660856247  0.002694942755624652 
142.0 0.0028687091544270515  0.0026833030860871077 
143.0 0.002711754059419036  0.0026603974401950836 
144.0 0.002795829903334379  0.0026287450455129147 
145.0 0.0027845227159559727  0.002637854078784585 
146.0 0.0031024166382849216  0.002576648024842143 
147.0 0.0026362284552305937  0.002559121698141098 
148.0 0.0033899499103426933  0.002551055047661066 
149.0 0.0027357139624655247  0.002529484685510397 
150.0 0.002803969895467162  0.0024901197757571936 
151.0 0.003152105025947094  0.0024840328842401505 
152.0 0.002541295951232314  0.0024686886463314295 
153.0 0.0032542175613343716  0.002447086153551936 
154.0 0.003027559956535697  0.002446879865601659 
155.0 0.0031342029105871916  0.002432629931718111 
156.0 0.003049322869628668  0.0024064762983471155 
157.0 0.0030723274685442448  0.0024035547394305468 
158.0 0.0031707207672297955  0.002392035210505128 
159.0 0.002898195292800665  0.0023780628107488155 
160.0 0.0035941163077950478  0.0023679418954998255 
161.0 0.0030974172987043858  0.0023414790630340576 
162.0 0.002893191995099187  0.0023230069782584906 
163.0 0.0036635827273130417  0.002318688901141286 
164.0 0.003553850343450904  0.0022944635711610317 
165.0 0.0036694644950330257  0.0023249483201652765 
166.0 0.0036256664898246527  0.002271841512992978 
167.0 0.0036466666497290134  0.002271935809403658 
168.0 0.0030237208120524883  0.002256374340504408 
169.0 0.003567288862541318  0.0022274358198046684 
170.0 0.002924496540799737  0.0022423770278692245 
171.0 0.0031457007862627506  0.0022047720849514008 
172.0 0.0034725305158644915  0.002201777882874012 
