0.0 0.08418652415275574  0.10433219373226166 
1.0 0.07061857730150223  0.076036736369133 
2.0 0.05776001513004303  0.06502637267112732 
3.0 0.05340247228741646  0.058381665498018265 
4.0 0.04887687787413597  0.05460762977600098 
5.0 0.0471111461520195  0.050170112401247025 
6.0 0.044568486511707306  0.047739576548337936 
7.0 0.041094038635492325  0.045911405235528946 
8.0 0.037801217287778854  0.04367208108305931 
9.0 0.04152017831802368  0.042853888124227524 
10.0 0.03586524352431297  0.03985321521759033 
11.0 0.04114183038473129  0.03979578986763954 
12.0 0.03672410920262337  0.03835853934288025 
13.0 0.031765639781951904  0.03760445490479469 
14.0 0.03144506737589836  0.03545614331960678 
15.0 0.033797189593315125  0.03557392209768295 
16.0 0.034269314259290695  0.034386374056339264 
17.0 0.04441480711102486  0.03388262912631035 
18.0 0.0321645550429821  0.03243662416934967 
19.0 0.03572041168808937  0.03194446489214897 
20.0 0.029351117089390755  0.032058797776699066 
21.0 0.03695666790008545  0.03027627430856228 
22.0 0.029862476512789726  0.030258920043706894 
23.0 0.03695572540163994  0.02867414802312851 
24.0 0.03129153698682785  0.028955860063433647 
25.0 0.04294361174106598  0.028591057285666466 
26.0 0.028108227998018265  0.028080962598323822 
27.0 0.03023380972445011  0.027140136808156967 
28.0 0.030803533270955086  0.027309628203511238 
29.0 0.031574930995702744  0.026200072839856148 
30.0 0.02429957315325737  0.025512738153338432 
31.0 0.020298214629292488  0.025173360481858253 
32.0 0.02491496503353119  0.0257714856415987 
33.0 0.025427693501114845  0.024765493348240852 
34.0 0.035059016197919846  0.024468787014484406 
35.0 0.021501071751117706  0.024119259789586067 
36.0 0.03127814456820488  0.02387395314872265 
37.0 0.023008432239294052  0.023422036319971085 
38.0 0.0219190064817667  0.022533278912305832 
39.0 0.02668709121644497  0.0229981429874897 
40.0 0.02230205573141575  0.022430313751101494 
41.0 0.019147250801324844  0.022021591663360596 
42.0 0.03972199931740761  0.021495286375284195 
43.0 0.02037970907986164  0.021832121536135674 
44.0 0.021517755463719368  0.02134648896753788 
45.0 0.023246245458722115  0.02131674997508526 
46.0 0.019622938707470894  0.020039964467287064 
47.0 0.016742760315537453  0.02038753591477871 
48.0 0.01646476611495018  0.01963033527135849 
49.0 0.02154678665101528  0.020089585334062576 
50.0 0.01785842515528202  0.019962549209594727 
51.0 0.023373238742351532  0.019659921526908875 
52.0 0.019525980576872826  0.019495045766234398 
53.0 0.02054913155734539  0.01911321096122265 
54.0 0.01648353971540928  0.018942441791296005 
55.0 0.018143681809306145  0.018737871199846268 
56.0 0.016518989577889442  0.01860310137271881 
57.0 0.015423277392983437  0.01908496953547001 
58.0 0.015442698262631893  0.017763560637831688 
59.0 0.01844261959195137  0.017927726730704308 
60.0 0.022706642746925354  0.018042240291833878 
61.0 0.017942169681191444  0.017151815816760063 
62.0 0.015682285651564598  0.01779695227742195 
63.0 0.0165717750787735  0.017729811370372772 
64.0 0.01729292795062065  0.01709895394742489 
65.0 0.017422186210751534  0.017141181975603104 
66.0 0.015087563544511795  0.017241979017853737 
67.0 0.018362699076533318  0.017069261521100998 
68.0 0.013973510824143887  0.016902197152376175 
69.0 0.014960885047912598  0.0167477335780859 
70.0 0.01982181705534458  0.016797605901956558 
71.0 0.016609646379947662  0.01667911186814308 
72.0 0.01960461400449276  0.016255410388112068 
73.0 0.02602449059486389  0.01682928390800953 
74.0 0.012936197221279144  0.016383202746510506 
75.0 0.01770891807973385  0.016299374401569366 
76.0 0.015694253146648407  0.016063934192061424 
77.0 0.014314469881355762  0.01635834015905857 
78.0 0.0120942872017622  0.01560087502002716 
79.0 0.0182674378156662  0.015913326293230057 
80.0 0.01328668836504221  0.01547317486256361 
81.0 0.01839016191661358  0.015716666355729103 
82.0 0.016060080379247665  0.015570074319839478 
83.0 0.018093127757310867  0.014850212261080742 
84.0 0.012106670066714287  0.015759006142616272 
85.0 0.013925130479037762  0.014750330708920956 
86.0 0.013136538676917553  0.015344181098043919 
87.0 0.013858320191502571  0.015386718325316906 
88.0 0.013616247102618217  0.015010340139269829 
89.0 0.013359980657696724  0.014714358374476433 
90.0 0.012832783162593842  0.014637519605457783 
91.0 0.013808388262987137  0.014581275172531605 
92.0 0.017071623355150223  0.014921315014362335 
93.0 0.012290536426007748  0.014291324652731419 
94.0 0.02526145614683628  0.014132964424788952 
95.0 0.017741916701197624  0.014688870869576931 
96.0 0.011666475795209408  0.0147332064807415 
97.0 0.01579360105097294  0.014202532358467579 
98.0 0.013267402537167072  0.014207522384822369 
99.0 0.014447858557105064  0.014403452165424824 
100.0 0.013871307484805584  0.014020860195159912 
101.0 0.012941538356244564  0.014412231743335724 
102.0 0.01098855771124363  0.013608837500214577 
103.0 0.013525906018912792  0.014263239689171314 
104.0 0.013016355223953724  0.014144194312393665 
105.0 0.010488445870578289  0.01350290235131979 
106.0 0.013340139761567116  0.013140086084604263 
107.0 0.015748281031847  0.013741024769842625 
108.0 0.010801426135003567  0.013310804963111877 
109.0 0.010369256138801575  0.013765876181423664 
110.0 0.015565546229481697  0.013844100758433342 
111.0 0.013121347874403  0.013171871192753315 
112.0 0.013438756577670574  0.013562683016061783 
113.0 0.012860908173024654  0.0135248564183712 
114.0 0.01419589202851057  0.013171328231692314 
115.0 0.013475583866238594  0.013139559887349606 
116.0 0.013199079781770706  0.013107157312333584 
117.0 0.01091343630105257  0.012565414421260357 
118.0 0.012536978349089622  0.013683993369340897 
119.0 0.013844624161720276  0.013068171218037605 
120.0 0.012084738351404667  0.012668888084590435 
121.0 0.016730129718780518  0.012584611773490906 
122.0 0.013259285129606724  0.013040684163570404 
123.0 0.01572493091225624  0.012762348167598248 
124.0 0.011306671425700188  0.01311563141644001 
125.0 0.0169638954102993  0.01267238613218069 
126.0 0.014902223832905293  0.012810795567929745 
127.0 0.011547969654202461  0.013064635917544365 
128.0 0.011597570031881332  0.012596141546964645 
129.0 0.011237976141273975  0.012849099934101105 
