0.0 0.03418529033660889  0.08995562046766281 
1.0 0.023376720026135445  0.027178112417459488 
2.0 0.020981164649128914  0.02061963826417923 
3.0 0.019145864993333817  0.01791173778474331 
4.0 0.017438769340515137  0.016115868464112282 
5.0 0.017075834795832634  0.014883766882121563 
6.0 0.015271465294063091  0.013914084061980247 
7.0 0.014804929494857788  0.012997166253626347 
8.0 0.014546562917530537  0.012281996197998524 
9.0 0.01326623186469078  0.011726918630301952 
10.0 0.011771698482334614  0.011172532103955746 
11.0 0.011264548636972904  0.010666404850780964 
12.0 0.010901463218033314  0.010243775323033333 
13.0 0.01101059652864933  0.009734046645462513 
14.0 0.011232113465666771  0.009244991466403008 
15.0 0.008656243793666363  0.008575594052672386 
16.0 0.008221653290092945  0.007813429459929466 
17.0 0.007219246588647366  0.007365366909652948 
18.0 0.006292476784437895  0.007027146406471729 
19.0 0.00631342176347971  0.006737454328685999 
20.0 0.006217241287231445  0.00651782751083374 
21.0 0.0063173905946314335  0.00630491366609931 
22.0 0.006446749437600374  0.006116771604865789 
23.0 0.006672400515526533  0.005897557828575373 
24.0 0.005178924649953842  0.005692578386515379 
25.0 0.005227333400398493  0.00558469258248806 
26.0 0.005037982948124409  0.0054140761494636536 
27.0 0.00460536265745759  0.00528438575565815 
28.0 0.004928159527480602  0.005093668587505817 
29.0 0.004710701759904623  0.004971889313310385 
30.0 0.0041705346666276455  0.0048491936177015305 
31.0 0.004010255914181471  0.004712897352874279 
32.0 0.004015043843537569  0.004624791909009218 
33.0 0.00394550571218133  0.004486617632210255 
34.0 0.0037891054525971413  0.004354435484856367 
35.0 0.0037372056394815445  0.00424828240647912 
36.0 0.004122539889067411  0.004111103713512421 
37.0 0.0041405013762414455  0.004036940634250641 
38.0 0.004215780645608902  0.003883850062265992 
39.0 0.0036248411051928997  0.0037987155374139547 
40.0 0.003541337326169014  0.003699577646329999 
41.0 0.0034019374288618565  0.003611198393628001 
42.0 0.0034212840255349874  0.003543528262525797 
43.0 0.0031825907062739134  0.003472366835922003 
44.0 0.002935548545792699  0.0034051325637847185 
45.0 0.0029907666612416506  0.003329133614897728 
46.0 0.00290878233499825  0.0032629906199872494 
47.0 0.0031543343793600798  0.0031949460972100496 
48.0 0.002985199447721243  0.003150464268401265 
49.0 0.002880202140659094  0.003088400000706315 
50.0 0.0028764773160219193  0.003034727880731225 
51.0 0.0027358343359082937  0.00299552408978343 
52.0 0.0027942839078605175  0.0029583668801933527 
53.0 0.002608606591820717  0.0029124561697244644 
54.0 0.0027736311312764883  0.002838645363226533 
55.0 0.0024726588744670153  0.002817524829879403 
56.0 0.0023777608294039965  0.0027792814653366804 
57.0 0.003193749114871025  0.002675456926226616 
58.0 0.0026359145995229483  0.002693066606298089 
59.0 0.0023210772778838873  0.00264551118016243 
60.0 0.0027989442460238934  0.0025898839812725782 
61.0 0.0022209384478628635  0.0025800252333283424 
62.0 0.0023491147439926863  0.00253137294203043 
63.0 0.0020065009593963623  0.0025360784493386745 
64.0 0.0020699116867035627  0.0024760847445577383 
65.0 0.0028478216845542192  0.002425172133371234 
66.0 0.003043980337679386  0.0024055768735706806 
67.0 0.0021890285424888134  0.0024117641150951385 
68.0 0.002328102244064212  0.0023792434949427843 
69.0 0.002387308981269598  0.0023284724447876215 
70.0 0.0023689758963882923  0.0023065444547683 
71.0 0.0022080671042203903  0.002286798320710659 
72.0 0.0022414145059883595  0.0022990363650023937 
73.0 0.002214374952018261  0.0022559126373380423 
74.0 0.0024879365228116512  0.0022441481705754995 
75.0 0.002072325674816966  0.002218071836978197 
76.0 0.0022100601345300674  0.002208082005381584 
77.0 0.0020912932232022285  0.0021849588956683874 
78.0 0.002019145991653204  0.0021642600186169147 
79.0 0.002144666388630867  0.0021370425820350647 
80.0 0.001900465227663517  0.0021400153636932373 
81.0 0.0020412167068570852  0.002114411909133196 
82.0 0.0020834109745919704  0.002095124451443553 
83.0 0.0021813130006194115  0.0020760209299623966 
84.0 0.0019280017586424947  0.0020553600043058395 
85.0 0.002092370530590415  0.002049778588116169 
86.0 0.0019946973770856857  0.002035597339272499 
87.0 0.0020603297743946314  0.002019379986450076 
88.0 0.0019402552861720324  0.0020085067953914404 
89.0 0.00210369355045259  0.0019784101750701666 
90.0 0.0019925048109143972  0.0020378173794597387 
91.0 0.002000954933464527  0.0019242691341787577 
92.0 0.001807264517992735  0.001948521239683032 
93.0 0.0017156436806544662  0.0019468272803351283 
94.0 0.001809244859032333  0.0019177345093339682 
95.0 0.0020237313583493233  0.0018981165485456586 
96.0 0.0017825744580477476  0.001910288236103952 
97.0 0.001708656782284379  0.001883600722067058 
98.0 0.0017331992276012897  0.0018634459702298045 
99.0 0.0018129980890080333  0.0018617078894749284 
100.0 0.0017327514942735434  0.0018344165291637182 
101.0 0.0017809550045058131  0.0018343334086239338 
102.0 0.0017328335670754313  0.0018126781797036529 
103.0 0.0018042160663753748  0.0018061409937217832 
104.0 0.0017028609290719032  0.0017904569394886494 
105.0 0.0019161357777193189  0.0017903486732393503 
106.0 0.0017729890532791615  0.0017575530800968409 
107.0 0.0017980665434151888  0.0017643367173150182 
108.0 0.0018972973339259624  0.0017418395727872849 
109.0 0.0020473154727369547  0.001746905269101262 
110.0 0.0017334438161924481  0.0017319369362667203 
111.0 0.0017858081264421344  0.0017055543139576912 
112.0 0.001753623248077929  0.0017120323609560728 
113.0 0.001800072262994945  0.0017071726033464074 
114.0 0.0016776113770902157  0.0016827945364639163 
115.0 0.0017678411677479744  0.0016930943820625544 
116.0 0.0017527224263176322  0.0016824062913656235 
117.0 0.0016819331794977188  0.001662032795138657 
118.0 0.0017417696071788669  0.0016529072308912873 
119.0 0.0017170687206089497  0.0016322270967066288 
120.0 0.0016534320311620831  0.001640805508941412 
121.0 0.0016014683060348034  0.0016195799689739943 
122.0 0.001680979155935347  0.001617233152501285 
123.0 0.0016911696875467896  0.0016087467083707452 
124.0 0.0017910081660375  0.0016031400300562382 
125.0 0.0017832053126767278  0.0015805776929482818 
126.0 0.001551636727526784  0.0015865352470427752 
127.0 0.0016542364610359073  0.0015724134864285588 
128.0 0.0015273774042725563  0.0015737139619886875 
129.0 0.0015309598529711366  0.0015458185225725174 
130.0 0.0015205725794658065  0.0015663296217098832 
131.0 0.00146056420635432  0.0015398142859339714 
132.0 0.0014825062826275826  0.001542929676361382 
133.0 0.0016361820744350553  0.001513668685220182 
134.0 0.0015487559139728546  0.0015236038016155362 
135.0 0.0015745407436043024  0.0015222335932776332 
136.0 0.0015544254565611482  0.00151378836017102 
137.0 0.0015689280116930604  0.0014988221228122711 
138.0 0.0015603952342644334  0.0014924913411960006 
139.0 0.0016265297308564186  0.0014918548986315727 
140.0 0.0016373591497540474  0.0014813723973929882 
141.0 0.001552273635752499  0.0014736547600477934 
142.0 0.0015455626416951418  0.0014727460220456123 
143.0 0.0015619677724316716  0.0014500156976282597 
144.0 0.0015635432209819555  0.0014541072305291891 
145.0 0.001560451346449554  0.0014601262519136071 
146.0 0.001429288531653583  0.0014417723286896944 
147.0 0.001421640394255519  0.0014327744720503688 
148.0 0.0014743427745997906  0.001446189358830452 
149.0 0.0014608136843889952  0.0014160112477838993 
150.0 0.0014511739136651158  0.0014178662095218897 
151.0 0.0013811102835461497  0.0014123138971626759 
152.0 0.0013436750741675496  0.0014232470421120524 
153.0 0.0013468473916873336  0.001406945870257914 
154.0 0.0016421300824731588  0.0014066032599657774 
155.0 0.0013864767970517278  0.001384758041240275 
156.0 0.0013606558786705136  0.0013886683154851198 
157.0 0.0013517389306798577  0.0013923014048486948 
158.0 0.001358110224828124  0.0013842064654454589 
159.0 0.001234503579325974  0.001364996423944831 
160.0 0.0012739121448248625  0.0013804810587316751 
161.0 0.0013940883800387383  0.0013695975067093968 
162.0 0.0012494339607656002  0.001364195137284696 
163.0 0.00129870162345469  0.0013584353728219867 
164.0 0.0012553295819088817  0.0013521108776330948 
165.0 0.0011971279745921493  0.0013451558770611882 
166.0 0.0011600449215620756  0.001339854788966477 
167.0 0.001183335087262094  0.0013324152678251266 
168.0 0.0012472870294004679  0.0013346858322620392 
169.0 0.00115016580093652  0.0013166915159672499 
170.0 0.0011646562488749623  0.0013236564118415117 
171.0 0.0011699415044859052  0.001314383465796709 
172.0 0.0011876883218064904  0.0013129555154591799 
173.0 0.0012344032293185592  0.0013154856860637665 
174.0 0.0011256419820711017  0.0012998011661693454 
175.0 0.0011446063872426748  0.0013006816152483225 
176.0 0.0011456089559942484  0.0012871873332187533 
177.0 0.001138536725193262  0.0013014950091019273 
178.0 0.001201217295601964  0.001285573118366301 
179.0 0.001132469973526895  0.0012802459532395005 
180.0 0.0012355893850326538  0.0012835826491937041 
181.0 0.0011347036343067884  0.0012663427041843534 
182.0 0.0012254504254087806  0.0012672527227550745 
183.0 0.0012084422633051872  0.0012788167223334312 
184.0 0.001141005428507924  0.0012473324313759804 
185.0 0.0012162983184680343  0.0012520992895588279 
186.0 0.0012812622589990497  0.0012642726069316268 
187.0 0.0011078554671257734  0.0012360508553683758 
188.0 0.001114765414968133  0.0012379023246467113 
189.0 0.0012438108678907156  0.001236946089193225 
190.0 0.001044679433107376  0.0012252330780029297 
191.0 0.0011113652726635337  0.001226441701874137 
192.0 0.0012196962488815188  0.0012289839796721935 
193.0 0.0011231593089178205  0.001218460500240326 
194.0 0.0011014357442036271  0.001210934016853571 
195.0 0.0010675430530682206  0.0012100816238671541 
196.0 0.0011672809487208724  0.0012150820111855865 
197.0 0.0011934370268136263  0.0012066501658409834 
198.0 0.0011590749491006136  0.0011966157471761107 
199.0 0.001069480087608099  0.0011937625240534544 
