0.0 0.043765127658843994  0.10402185469865799 
1.0 0.030053291469812393  0.03415093570947647 
2.0 0.02445259504020214  0.02677294611930847 
3.0 0.021944133564829826  0.022564513608813286 
4.0 0.020204145461320877  0.019898517057299614 
5.0 0.0180578101426363  0.018463363870978355 
6.0 0.01709510199725628  0.017314722761511803 
7.0 0.015597612597048283  0.01632635109126568 
8.0 0.015271871350705624  0.015425369143486023 
9.0 0.013849714770913124  0.014634459279477596 
10.0 0.012957585975527763  0.013966275379061699 
11.0 0.013005712069571018  0.013420021161437035 
12.0 0.012099059298634529  0.012947788462042809 
13.0 0.011300737038254738  0.012564649805426598 
14.0 0.01100321114063263  0.012159248813986778 
15.0 0.010736159048974514  0.01182454451918602 
16.0 0.01060524396598339  0.011524872854351997 
17.0 0.010087236762046814  0.011244245804846287 
18.0 0.010018760338425636  0.010998227633535862 
19.0 0.010098972357809544  0.010761952959001064 
20.0 0.00964831281453371  0.010512478649616241 
21.0 0.009913858957588673  0.01027852762490511 
22.0 0.010024413466453552  0.010133335366845131 
23.0 0.009992592968046665  0.009868498891592026 
24.0 0.009762371890246868  0.009488210082054138 
25.0 0.009852777235209942  0.009166298434138298 
26.0 0.009309026412665844  0.00882297195494175 
27.0 0.00886704120784998  0.008557711727917194 
28.0 0.008654029108583927  0.008220890536904335 
29.0 0.00881701149046421  0.007976890541613102 
30.0 0.007902408018708229  0.0077040111646056175 
31.0 0.008657766506075859  0.007539514917880297 
32.0 0.00789794884622097  0.007363765966147184 
33.0 0.008470101282000542  0.0071876561269164085 
34.0 0.007644284050911665  0.007069885265082121 
35.0 0.007066998165100813  0.0069477553479373455 
36.0 0.00759473443031311  0.006826417054980993 
37.0 0.007047587540000677  0.006723926868289709 
38.0 0.006793325301259756  0.006605570670217276 
39.0 0.006669245194643736  0.0065214852802455425 
40.0 0.0064900401048362255  0.006392359267920256 
41.0 0.006482909899204969  0.006272637750953436 
42.0 0.006175867281854153  0.00613406952470541 
43.0 0.006048497743904591  0.005939946509897709 
44.0 0.006050296127796173  0.005752008408308029 
45.0 0.005731663666665554  0.005619967821985483 
46.0 0.005364731885492802  0.005453294608741999 
47.0 0.005208658520132303  0.005298508796840906 
48.0 0.005105895921587944  0.005159816239029169 
49.0 0.004728823434561491  0.005033276975154877 
50.0 0.005034389439970255  0.0048959930427372456 
51.0 0.004521667957305908  0.0047935424372553825 
52.0 0.004420262761414051  0.004699780140072107 
53.0 0.004469097591936588  0.004609092604368925 
54.0 0.004289271775633097  0.0045197997242212296 
55.0 0.004445196595042944  0.004448551684617996 
56.0 0.0044746240600943565  0.00436497712507844 
57.0 0.004455533344298601  0.0042906031012535095 
58.0 0.004467692691832781  0.0042216177098453045 
59.0 0.00437844917178154  0.004155771341174841 
60.0 0.004346913192421198  0.004104154650121927 
61.0 0.004337760619819164  0.004039855673909187 
62.0 0.0044882455840706825  0.00398381520062685 
63.0 0.004487458150833845  0.003934650216251612 
64.0 0.004514608066529036  0.0038816342130303383 
65.0 0.004700583405792713  0.0038386397063732147 
66.0 0.004799883812665939  0.003794440533965826 
67.0 0.004904836416244507  0.0037677402142435312 
68.0 0.0058271377347409725  0.0037196758203208447 
69.0 0.005849217996001244  0.0036775090266019106 
70.0 0.005670678336173296  0.0036438796669244766 
71.0 0.005307401064783335  0.003600048366934061 
72.0 0.005065293982625008  0.0035641673021018505 
73.0 0.004956386052072048  0.0035163434222340584 
74.0 0.0046850754879415035  0.0034875674173235893 
