0.0 0.040264058858156204  0.09243951737880707 
1.0 0.02942556142807007  0.033346027135849 
2.0 0.02441723272204399  0.0253462977707386 
3.0 0.020290914922952652  0.021287187933921814 
4.0 0.01843816228210926  0.018914198502898216 
5.0 0.016680657863616943  0.017333324998617172 
6.0 0.015829944983124733  0.016162477433681488 
7.0 0.015109322965145111  0.015262390486896038 
8.0 0.014718679711222649  0.0145562794059515 
9.0 0.015322566032409668  0.013910838402807713 
10.0 0.015100877732038498  0.013408816419541836 
11.0 0.01473681628704071  0.012939127162098885 
12.0 0.012988831847906113  0.01250904705375433 
13.0 0.012335032224655151  0.012086992152035236 
14.0 0.013518408872187138  0.011746950447559357 
15.0 0.015144229866564274  0.011466896161437035 
16.0 0.013118968345224857  0.011109303683042526 
17.0 0.012334520928561687  0.010877392254769802 
18.0 0.012131821364164352  0.01056156400591135 
19.0 0.011464187875390053  0.010331593453884125 
20.0 0.010595785453915596  0.010069631040096283 
21.0 0.010261339135468006  0.009870721027255058 
22.0 0.010113599710166454  0.00961276050657034 
23.0 0.010085530579090118  0.009417759254574776 
24.0 0.010222082957625389  0.00919917318969965 
25.0 0.010004154406487942  0.00900644063949585 
26.0 0.01050544623285532  0.008839871734380722 
27.0 0.009878331795334816  0.008637964725494385 
28.0 0.009982960298657417  0.00849868543446064 
29.0 0.009986755438148975  0.008270095102488995 
30.0 0.009321246296167374  0.008084209635853767 
31.0 0.009989039041101933  0.0079099852591753 
32.0 0.009911110624670982  0.007708510849624872 
33.0 0.008999653160572052  0.00758294016122818 
34.0 0.008529193699359894  0.007462292909622192 
35.0 0.0076679629273712635  0.007301574107259512 
36.0 0.008513311855494976  0.007159477565437555 
37.0 0.008697686716914177  0.007033531554043293 
38.0 0.008262614719569683  0.006939803250133991 
39.0 0.007865938358008862  0.006809058133512735 
40.0 0.008115935139358044  0.00668341526761651 
41.0 0.007911327295005322  0.006576660089194775 
42.0 0.00805825088173151  0.006452638190239668 
43.0 0.007328554522246122  0.006358649116009474 
44.0 0.007814612239599228  0.006240189075469971 
45.0 0.008137322030961514  0.006128644570708275 
46.0 0.007845738902688026  0.006042186636477709 
47.0 0.00823083333671093  0.005963596515357494 
48.0 0.0066358232870697975  0.005849556531757116 
49.0 0.006295167375355959  0.005817074794322252 
50.0 0.007846649736166  0.0056603942066431046 
51.0 0.006727496162056923  0.005585942417383194 
52.0 0.007921723648905754  0.005538822617381811 
53.0 0.007331764791160822  0.005433937534689903 
54.0 0.0073639811016619205  0.00540119456127286 
55.0 0.006486079189926386  0.005306630861014128 
56.0 0.007192917633801699  0.005221336614340544 
57.0 0.006200879812240601  0.005146770738065243 
58.0 0.0064074271358549595  0.005105824209749699 
59.0 0.0063102818094193935  0.005025807768106461 
60.0 0.005460437852889299  0.004956697579473257 
61.0 0.005002195946872234  0.004898882005363703 
62.0 0.004909180570393801  0.004828380886465311 
63.0 0.005059156566858292  0.004791307728737593 
64.0 0.004732031375169754  0.004765481222420931 
65.0 0.006578902248293161  0.004706589970737696 
66.0 0.005247775930911303  0.0046290382742881775 
67.0 0.006885260809212923  0.00457463413476944 
68.0 0.00534450588747859  0.0045675672590732574 
69.0 0.00572880869731307  0.004517273511737585 
70.0 0.00673345010727644  0.0044600567780435085 
71.0 0.006700833793729544  0.004391026683151722 
72.0 0.007292616181075573  0.004362498410046101 
73.0 0.005887823645025492  0.004313727840781212 
74.0 0.006024772766977549  0.004267479293048382 
75.0 0.004965526517480612  0.004232184030115604 
76.0 0.004827911965548992  0.00421247398480773 
77.0 0.005181203130632639  0.004144464153796434 
78.0 0.005657723173499107  0.004104590509086847 
79.0 0.005107790231704712  0.004065462853759527 
80.0 0.004701774567365646  0.004021435976028442 
81.0 0.005471122916787863  0.0039766146801412106 
82.0 0.004928884096443653  0.003966362681239843 
83.0 0.0059091467410326  0.003917969763278961 
84.0 0.005811768118292093  0.003903693752363324 
85.0 0.005245264153927565  0.003849670058116317 
86.0 0.005653055384755135  0.003819940146058798 
87.0 0.004663800820708275  0.0038053172174841166 
88.0 0.004709094762802124  0.0037539098411798477 
89.0 0.00490329647436738  0.0037249478045850992 
90.0 0.005057883448898792  0.0036936779506504536 
91.0 0.003992951475083828  0.0036535044200718403 
92.0 0.004291148390620947  0.003622152376919985 
93.0 0.0042915730737149715  0.0035900201182812452 
94.0 0.004609567113220692  0.003562378231436014 
95.0 0.0036947668995708227  0.0035620667040348053 
96.0 0.00401547085493803  0.003529245499521494 
97.0 0.004172596149146557  0.0034937795717269182 
98.0 0.004321649670600891  0.0034774085506796837 
99.0 0.004729339852929115  0.003446775721386075 
100.0 0.004959858953952789  0.0034192248713225126 
101.0 0.004648890346288681  0.0034024782944470644 
102.0 0.003782958025112748  0.0033656067680567503 
103.0 0.0037179160863161087  0.003358874935656786 
104.0 0.003955261316150427  0.0033141965977847576 
105.0 0.003447240684181452  0.003300234442576766 
106.0 0.003664386458694935  0.0032684330362826586 
107.0 0.004024895373731852  0.003260920522734523 
108.0 0.004111588932573795  0.003224445739760995 
109.0 0.003614841727539897  0.003212214447557926 
110.0 0.0037836492992937565  0.0031913407146930695 
111.0 0.0038998546078801155  0.0031732290517538786 
112.0 0.004001989029347897  0.0031590606085956097 
113.0 0.004222150892019272  0.0031458528246730566 
114.0 0.003964300267398357  0.0031148039270192385 
115.0 0.0035115759819746017  0.0031076588202267885 
116.0 0.003165606176480651  0.0030834234785288572 
117.0 0.003366397228091955  0.003052165498957038 
118.0 0.0031824123580008745  0.003053551074117422 
119.0 0.0038228165358304977  0.0030298212077468634 
120.0 0.0035078534856438637  0.003010583808645606 
121.0 0.0038448506966233253  0.0029833109583705664 
122.0 0.003502191975712776  0.002975821029394865 
123.0 0.0041504716500639915  0.0029736608266830444 
124.0 0.0031571760773658752  0.002943284809589386 
125.0 0.0034108487889170647  0.0029238243587315083 
126.0 0.0036876562517136335  0.002909726230427623 
127.0 0.004466686397790909  0.0028846110217273235 
128.0 0.0032663471065461636  0.0028782051522284746 
129.0 0.003864307887852192  0.002854021266102791 
130.0 0.0033354279585182667  0.002849845215678215 
131.0 0.003213457530364394  0.0028389981016516685 
132.0 0.003403156064450741  0.0028005598578602076 
133.0 0.0032139334362000227  0.002783471718430519 
134.0 0.003218667581677437  0.0027934005483984947 
135.0 0.0030372776091098785  0.002769235987216234 
136.0 0.0031401298474520445  0.002761990297585726 
137.0 0.0039021309930831194  0.0027494982350617647 
138.0 0.0033204038627445698  0.002727983985096216 
139.0 0.002739298390224576  0.0027006128802895546 
140.0 0.002935337834060192  0.002698685973882675 
141.0 0.002967684995383024  0.0026838008780032396 
142.0 0.0034533271100372076  0.002671864116564393 
143.0 0.0028342639561742544  0.0026849752757698298 
144.0 0.003152265213429928  0.0026314223650842905 
145.0 0.003144189715385437  0.0026565552689135075 
146.0 0.0032009209971874952  0.002625797875225544 
147.0 0.003076826687902212  0.002610997762531042 
148.0 0.002985383616760373  0.002612530952319503 
149.0 0.003277346957474947  0.0025899624451994896 
150.0 0.003324730321764946  0.0025715965311974287 
151.0 0.0032170582562685013  0.0025426240172237158 
152.0 0.0032209567725658417  0.0025867908261716366 
153.0 0.0030503987800329924  0.0025005557108670473 
154.0 0.0035679135471582413  0.002527992706745863 
155.0 0.0026615094393491745  0.002502438146620989 
156.0 0.003234289353713393  0.0025048600509762764 
157.0 0.0032919507939368486  0.002476098481565714 
158.0 0.0032780684996396303  0.0024716597981750965 
159.0 0.0034747151657938957  0.002483054995536804 
160.0 0.0031326354946941137  0.0024520079605281353 
161.0 0.003312489716336131  0.0024154235143214464 
162.0 0.002714801812544465  0.002417290583252907 
163.0 0.00318567780777812  0.0024275074247270823 
164.0 0.0034278470557183027  0.0023936545476317406 
165.0 0.0030369425658136606  0.0023740334436297417 
166.0 0.002909762552008033  0.002395066898316145 
167.0 0.0027376830112189054  0.0022964985109865665 
168.0 0.0033538879361003637  0.0023298305459320545 
169.0 0.0027454919181764126  0.0022985655814409256 
170.0 0.002897180151194334  0.0023117861710488796 
171.0 0.002759435446932912  0.002292797202244401 
172.0 0.003318334463983774  0.0022890728432685137 
173.0 0.0028957051690667868  0.0022436678409576416 
174.0 0.0027875136584043503  0.002260903362184763 
175.0 0.0024183206260204315  0.0022444697096943855 
176.0 0.0024421855341643095  0.00223119487054646 
177.0 0.0023801899515092373  0.002216985682025552 
178.0 0.002564654452726245  0.002217154251411557 
179.0 0.0027139836456626654  0.0021799090318381786 
180.0 0.002608624519780278  0.0021702037192881107 
181.0 0.0025195495691150427  0.0021776959765702486 
182.0 0.0026561105623841286  0.002182531636208296 
183.0 0.002827027579769492  0.0021515372209250927 
184.0 0.002244303235784173  0.0021450745407491922 
185.0 0.0025139201898127794  0.0021408169995993376 
186.0 0.0024149976670742035  0.0021370071917772293 
187.0 0.0023081162944436073  0.002120822900906205 
188.0 0.002262469381093979  0.0020882124081254005 
189.0 0.002521317917853594  0.002074236748740077 
190.0 0.0024126223288476467  0.002121176104992628 
191.0 0.002413269365206361  0.0020829560235142708 
192.0 0.002480907365679741  0.0021221383940428495 
193.0 0.002193364780396223  0.002071104012429714 
194.0 0.0022108452394604683  0.002048047026619315 
195.0 0.0027623658534139395  0.002093058777973056 
196.0 0.0025757073890417814  0.002052202122285962 
197.0 0.0027615537401288748  0.002068989211693406 
198.0 0.00199658190831542  0.002043703105300665 
199.0 0.0026127221062779427  0.002027138601988554 
