0.0 0.02183912880718708  0.05229564011096954 
1.0 0.016378795728087425  0.012301318347454071 
2.0 0.006919246166944504  0.0075386278331279755 
3.0 0.0062017785385251045  0.005624362267553806 
4.0 0.004764982033520937  0.004631515592336655 
5.0 0.003955148160457611  0.003927667159587145 
6.0 0.00433281809091568  0.0033988540526479483 
7.0 0.003916915971785784  0.0030300584621727467 
8.0 0.00300570297986269  0.0027414660435169935 
9.0 0.0028055973816663027  0.0025234748609364033 
10.0 0.0028709792532026768  0.0022948302794247866 
11.0 0.002407689346000552  0.0020992278587073088 
12.0 0.002169974148273468  0.0019288379698991776 
13.0 0.0021209747064858675  0.0017815378960222006 
14.0 0.0021031666547060013  0.0016609077574685216 
15.0 0.0018783691339194775  0.0015553651610389352 
16.0 0.002379791811108589  0.0014605968026444316 
17.0 0.002593704964965582  0.001390298129990697 
18.0 0.0026830830611288548  0.0013209732715040445 
19.0 0.002813996048644185  0.0012694519245997071 
20.0 0.002232333179563284  0.00121092121116817 
21.0 0.0022531412541866302  0.0011603879975154996 
22.0 0.0017286461079493165  0.0011093441862612963 
23.0 0.001854117726907134  0.0010824459604918957 
24.0 0.0017675415147095919  0.0010316752595826983 
25.0 0.0012088187504559755  0.0010127616114914417 
26.0 0.0013641429832205176  0.0009734908235259354 
27.0 0.001593477209098637  0.0009572276030667126 
28.0 0.0011832751333713531  0.0009233086020685732 
29.0 0.001186917070299387  0.0008939547697082162 
30.0 0.0012849353952333331  0.0008731753332540393 
31.0 0.0012344574788585305  0.0008531202329322696 
32.0 0.001534986193291843  0.0008282557828351855 
33.0 0.0014663616893813014  0.000809389806818217 
34.0 0.001381249283440411  0.0007968044374138117 
35.0 0.00140533281955868  0.0007828325615264475 
36.0 0.001181200728751719  0.0007642999989911914 
37.0 0.0012528194347396493  0.0007461672648787498 
38.0 0.001139307045377791  0.0007302023586817086 
39.0 0.0009486463968642056  0.0007162636611610651 
40.0 0.0009470327640883625  0.0007006487576290965 
41.0 0.000971237663179636  0.0006820111884735525 
42.0 0.0010050759883597493  0.0006723824189975858 
43.0 0.0008578954730182886  0.0006599920452572405 
44.0 0.0008491837652400136  0.0006529947277158499 
45.0 0.0010001066839322448  0.0006352053605951369 
46.0 0.0011312752030789852  0.0006260952795855701 
47.0 0.0009428072371520102  0.0006132331327535212 
48.0 0.0013982979580760002  0.000606456829700619 
49.0 0.0009443671442568302  0.0005989137571305037 
50.0 0.0013373121619224548  0.0005801856168545783 
51.0 0.0009079848532564938  0.0005857336800545454 
52.0 0.000770191487390548  0.0005639994633384049 
53.0 0.0007842554477974772  0.0005620196461677551 
54.0 0.0008807977428659797  0.0005533798248507082 
55.0 0.0009883547900244594  0.0005425363196991384 
56.0 0.0008358042105101049  0.000537639600224793 
57.0 0.0008329643169417977  0.0005330220446921885 
58.0 0.0010595334460958838  0.0005252720438875258 
59.0 0.000925012631341815  0.0005174445686861873 
60.0 0.0008478386444039643  0.0005068720201961696 
61.0 0.0007828836096450686  0.0005042756674811244 
62.0 0.0010527072008699179  0.0004962833481840789 
63.0 0.000888435635715723  0.0004948239075019956 
64.0 0.0008301007328554988  0.0004860648768953979 
65.0 0.0010325589682906866  0.00047898446791805327 
66.0 0.0009670481667853892  0.0004740325384773314 
67.0 0.0007254394586198032  0.0004720757424365729 
68.0 0.000679702265188098  0.00046763208229094744 
69.0 0.0006856242544017732  0.00045350141590461135 
70.0 0.0008294674335047603  0.0004571528115775436 
71.0 0.0010827842634171247  0.00045159622095525265 
72.0 0.000768950441852212  0.0004475504974834621 
73.0 0.0007178192026913166  0.000444620760390535 
74.0 0.0008021331741474569  0.00043747451854869723 
75.0 0.0006832218496128917  0.0004350127128418535 
76.0 0.0006536564906127751  0.00042947233305312693 
77.0 0.0007098405621945858  0.0004242288414388895 
78.0 0.0006103480700403452  0.0004221133713144809 
79.0 0.0005833915201947093  0.00041670494829304516 
80.0 0.0005952483043074608  0.00041720762965269387 
81.0 0.0005049505853094161  0.0004093162133358419 
82.0 0.0006171163404360414  0.0004077315388713032 
83.0 0.0005877525545656681  0.00040298758540302515 
84.0 0.0006591659039258957  0.0003995161096099764 
85.0 0.0006934067932888865  0.0003959090099669993 
86.0 0.0006661058869212866  0.00039422165718860924 
87.0 0.0006267228163778782  0.0003893305838573724 
88.0 0.0005330754793249071  0.0003860365250147879 
89.0 0.0006091624964028597  0.00038393918657675385 
90.0 0.0005736552993766963  0.0003813398943748325 
91.0 0.0005730968550778925  0.00037701279507018626 
92.0 0.0006468705832958221  0.0003787232853937894 
93.0 0.0006762591074220836  0.0003748699964489788 
94.0 0.0008357228944078088  0.0003757851372938603 
95.0 0.0005749021656811237  0.0003680173249449581 
96.0 0.0006137833115644753  0.00036432643537409604 
97.0 0.0006645486573688686  0.0003667378332465887 
98.0 0.0006731174071319401  0.00036375594208948314 
99.0 0.0006299558444879949  0.0003611376159824431 
100.0 0.0007944277604110539  0.00035744791966862977 
101.0 0.0007187409210018814  0.00035927179851569235 
