0.0 0.06364798545837402  0.1287779062986374 
1.0 0.040322303771972656  0.050427764654159546 
2.0 0.033168625086545944  0.033899128437042236 
3.0 0.0284049641340971  0.027881110087037086 
4.0 0.026601118966937065  0.024110721424221992 
5.0 0.024509934708476067  0.021956227719783783 
6.0 0.02249043993651867  0.020544318482279778 
7.0 0.018743472173810005  0.019332155585289 
8.0 0.018682733178138733  0.01834123767912388 
9.0 0.017958249896764755  0.01747739687561989 
10.0 0.01628182642161846  0.016680283471941948 
11.0 0.015617510303854942  0.01580136828124523 
12.0 0.0136574013158679  0.014601808041334152 
13.0 0.012576989829540253  0.013240484520792961 
14.0 0.012850687839090824  0.012109319679439068 
15.0 0.014682124368846416  0.011202692054212093 
16.0 0.014913572929799557  0.010556523688137531 
17.0 0.015269425697624683  0.010074094869196415 
18.0 0.013876032084226608  0.009695322252810001 
19.0 0.013799533247947693  0.009395592845976353 
20.0 0.013035181909799576  0.009151344187557697 
21.0 0.012767855077981949  0.008930196985602379 
22.0 0.012385235168039799  0.008737975731492043 
23.0 0.011725996620953083  0.008572968654334545 
24.0 0.011301868595182896  0.00842097494751215 
25.0 0.01042991690337658  0.008269872516393661 
26.0 0.009640521369874477  0.008149775676429272 
27.0 0.008870773948729038  0.008021625690162182 
28.0 0.00804392620921135  0.007922385819256306 
29.0 0.007975325919687748  0.007810472510755062 
30.0 0.007619071751832962  0.007720314431935549 
31.0 0.007326449267566204  0.007609418127685785 
32.0 0.007602437864989042  0.007519964128732681 
33.0 0.007669748738408089  0.007411792874336243 
34.0 0.007111682090908289  0.00731624523177743 
35.0 0.006835725624114275  0.007232281379401684 
36.0 0.006814355030655861  0.007144092116504908 
37.0 0.006736104376614094  0.007066511549055576 
38.0 0.0069768489338457584  0.007009620312601328 
39.0 0.006646375637501478  0.006919332314282656 
40.0 0.0066525619477033615  0.006844518706202507 
41.0 0.006696855649352074  0.006788905709981918 
42.0 0.0070970021188259125  0.00668740039691329 
43.0 0.007259041536599398  0.0066305347718298435 
44.0 0.007238155230879784  0.006545146927237511 
45.0 0.0067608715035021305  0.006457436829805374 
46.0 0.0068548619747161865  0.006397971883416176 
47.0 0.0067251576110720634  0.0063226004131138325 
48.0 0.006353579927235842  0.006265733391046524 
49.0 0.006175972055643797  0.006211550906300545 
50.0 0.006055609323084354  0.0061491369269788265 
51.0 0.0060541508719325066  0.006095183547586203 
52.0 0.006115127354860306  0.006036329548805952 
53.0 0.006078588776290417  0.0059798178263008595 
54.0 0.0059040202759206295  0.005932128522545099 
55.0 0.005780162289738655  0.005875107832252979 
56.0 0.005721379071474075  0.005826101638376713 
57.0 0.0054043959826231  0.005778992082923651 
58.0 0.005405924282968044  0.005729678086936474 
59.0 0.005245255306363106  0.005689303856343031 
60.0 0.005369552411139011  0.005648974794894457 
61.0 0.005369996186345816  0.005613171961158514 
62.0 0.005432655103504658  0.005574739538133144 
63.0 0.005505701526999474  0.005538462661206722 
64.0 0.005411998834460974  0.0055063990876078606 
65.0 0.005493525881320238  0.005476252641528845 
66.0 0.0055133262649178505  0.005444981157779694 
67.0 0.005592559464275837  0.005404131952673197 
68.0 0.005375124514102936  0.005377179477363825 
69.0 0.0054197716526687145  0.0053443401120603085 
70.0 0.005277459044009447  0.005317056085914373 
71.0 0.00529978983104229  0.005288415588438511 
72.0 0.0052622356452047825  0.005262427031993866 
73.0 0.005281470715999603  0.005231762770563364 
74.0 0.005217007827013731  0.0052010780200362206 
75.0 0.005118093453347683  0.005180916283279657 
76.0 0.005178200546652079  0.005156810395419598 
77.0 0.00519217923283577  0.00512823136523366 
78.0 0.005079743452370167  0.0051043154671788216 
79.0 0.00503474660217762  0.005084867589175701 
80.0 0.005033074412494898  0.005057666450738907 
81.0 0.005002873484045267  0.0050376481376588345 
82.0 0.00492262514308095  0.005015215836465359 
83.0 0.0049522994086146355  0.004994354676455259 
84.0 0.004975011106580496  0.004974570125341415 
85.0 0.004925217945128679  0.004953004885464907 
86.0 0.004930483177304268  0.004933270160108805 
87.0 0.00496876472607255  0.004918047692626715 
88.0 0.005020189099013805  0.00489109568297863 
89.0 0.005045802798122168  0.0048763081431388855 
90.0 0.004989824257791042  0.004857454914599657 
91.0 0.0049491338431835175  0.004839863628149033 
92.0 0.004929221235215664  0.004821616690605879 
93.0 0.004860810469835997  0.004798564128577709 
94.0 0.004892552271485329  0.004781693685799837 
95.0 0.00488375686109066  0.004766555968672037 
96.0 0.004950957838445902  0.004748343490064144 
97.0 0.005045345053076744  0.0047326344065368176 
98.0 0.0049720462411642075  0.004715999588370323 
99.0 0.0049936193972826  0.004699749406427145 
100.0 0.004984800238162279  0.004688361659646034 
101.0 0.0049293809570372105  0.0046687498688697815 
102.0 0.004903251770883799  0.004650287330150604 
103.0 0.004964768420904875  0.00463786069303751 
104.0 0.004902321379631758  0.004616343416273594 
105.0 0.004988810978829861  0.004607191309332848 
106.0 0.004998298361897469  0.0045879133976995945 
107.0 0.0049600861966609955  0.004573835991322994 
108.0 0.005072661209851503  0.004561586771160364 
109.0 0.0050830114632844925  0.004545171279460192 
110.0 0.0050546517595648766  0.004531679209321737 
111.0 0.0050315214321017265  0.004513113759458065 
112.0 0.005053389351814985  0.00449644448235631 
113.0 0.005041602998971939  0.004481920972466469 
