5000 2.956327e-07
4.975124e+03 3.004905e-07
4.950495e+03 3.046543e-07
4.926108e+03 3.095121e-07
4.901961e+03 3.143700e-07
4.878049e+03 3.192278e-07
4.854369e+03 3.240856e-07
4.830918e+03 3.289434e-07
4.807692e+03 3.338012e-07
4.784689e+03 3.386590e-07
4.761905e+03 3.435168e-07
4.739336e+03 3.490686e-07
4.716981e+03 3.539264e-07
4.694836e+03 3.594782e-07
4.672897e+03 3.643360e-07
4.651163e+03 3.698878e-07
4.629630e+03 3.754396e-07
4.608295e+03 3.802974e-07
4.587156e+03 3.858492e-07
4.566210e+03 3.914010e-07
4.545455e+03 3.969527e-07
4.524887e+03 4.025045e-07
4.504505e+03 4.080563e-07
4.484305e+03 4.143021e-07
4.464286e+03 4.198538e-07
4.444444e+03 4.260996e-07
4.424779e+03 4.316514e-07
4.405286e+03 4.378971e-07
4.385965e+03 4.434489e-07
4.366812e+03 4.496947e-07
4.347826e+03 4.559404e-07
4.329004e+03 4.621862e-07
4.310345e+03 4.684319e-07
4.291845e+03 4.746777e-07
4.273504e+03 4.809234e-07
4.255319e+03 4.871692e-07
4.237288e+03 4.941089e-07
4.219409e+03 5.003547e-07
4.201681e+03 5.072944e-07
4.184100e+03 5.135401e-07
4.166667e+03 5.204799e-07
4.149378e+03 5.274196e-07
4.132231e+03 5.343593e-07
4.115226e+03 5.412990e-07
4.098361e+03 5.482388e-07
4.081633e+03 5.551785e-07
4.065041e+03 5.621182e-07
4.048583e+03 5.690579e-07
4.032258e+03 5.766916e-07
4.016064e+03 5.836314e-07
4000 5.912651e-07
3.984064e+03 5.988988e-07
3.968254e+03 6.065325e-07
3.952569e+03 6.134722e-07
3.937008e+03 6.211059e-07
3.921569e+03 6.294335e-07
3.906250e+03 6.370672e-07
3.891051e+03 6.447009e-07
3.875969e+03 6.523346e-07
3.861004e+03 6.606623e-07
3.846154e+03 6.689900e-07
3.831418e+03 6.766237e-07
3.816794e+03 6.849513e-07
3.802281e+03 6.932790e-07
3.787879e+03 7.016067e-07
3.773585e+03 7.099343e-07
3.759398e+03 7.182620e-07
3.745318e+03 7.272836e-07
3.731343e+03 7.356113e-07
3.717472e+03 7.439390e-07
3.703704e+03 7.529606e-07
3.690037e+03 7.619823e-07
3.676471e+03 7.710039e-07
3.663004e+03 7.800255e-07
3.649635e+03 7.890472e-07
3.636364e+03 7.980688e-07
3.623188e+03 8.070904e-07
3.610108e+03 8.161121e-07
3.597122e+03 8.258277e-07
3.584229e+03 8.355433e-07
3.571429e+03 8.445649e-07
3.558719e+03 8.542805e-07
3.546099e+03 8.639961e-07
3.533569e+03 8.737118e-07
3.521127e+03 8.834274e-07
3.508772e+03 8.931430e-07
3.496503e+03 9.035525e-07
3.484321e+03 9.132682e-07
3.472222e+03 9.236777e-07
3.460208e+03 9.340873e-07
3.448276e+03 9.444969e-07
3.436426e+03 9.549065e-07
3.424658e+03 9.653160e-07
3.412969e+03 9.757256e-07
3.401361e+03 9.861352e-07
3.389831e+03 9.972387e-07
3.378378e+03 1.007648e-06
3.367003e+03 1.018752e-06
3.355705e+03 1.029855e-06
3.344482e+03 1.040959e-06
3.333333e+03 1.052063e-06
3.322259e+03 1.063166e-06
3.311258e+03 1.074270e-06
3.300330e+03 1.086067e-06
3.289474e+03 1.097171e-06
3.278689e+03 1.108968e-06
3.267974e+03 1.120766e-06
3.257329e+03 1.132563e-06
3.246753e+03 1.144361e-06
3.236246e+03 1.156158e-06
3.225806e+03 1.167956e-06
3.215434e+03 1.180447e-06
3.205128e+03 1.192939e-06
3.194888e+03 1.204736e-06
3.184713e+03 1.217228e-06
3.174603e+03 1.229719e-06
3.164557e+03 1.242211e-06
3.154574e+03 1.255396e-06
3.144654e+03 1.267888e-06
3.134796e+03 1.281073e-06
3125 1.293565e-06
3.115265e+03 1.306750e-06
3.105590e+03 1.319936e-06
3.095975e+03 1.333121e-06
3.086420e+03 1.347000e-06
3.076923e+03 1.360186e-06
3.067485e+03 1.374065e-06
3.058104e+03 1.387251e-06
3.048780e+03 1.401130e-06
3.039514e+03 1.415010e-06
3.030303e+03 1.428889e-06
3.021148e+03 1.442768e-06
3.012048e+03 1.457342e-06
3.003003e+03 1.471221e-06
2.994012e+03 1.485795e-06
2.985075e+03 1.500368e-06
2.976190e+03 1.514941e-06
2.967359e+03 1.529515e-06
2.958580e+03 1.544782e-06
2.949853e+03 1.559356e-06
2.941176e+03 1.574623e-06
2.932551e+03 1.589196e-06
2.923977e+03 1.604464e-06
2.915452e+03 1.619731e-06
2.906977e+03 1.635692e-06
2.898551e+03 1.650960e-06
2.890173e+03 1.666921e-06
2.881844e+03 1.682188e-06
2.873563e+03 1.698150e-06
2.865330e+03 1.714111e-06
2.857143e+03 1.730766e-06
2.849003e+03 1.746728e-06
2.840909e+03 1.763383e-06
2.832861e+03 1.779344e-06
2.824859e+03 1.796000e-06
2.816901e+03 1.812655e-06
2.808989e+03 1.829310e-06
2.801120e+03 1.846659e-06
2.793296e+03 1.863315e-06
2.785515e+03 1.880664e-06
2.777778e+03 1.898013e-06
2.770083e+03 1.915363e-06
2.762431e+03 1.932712e-06
2.754821e+03 1.950755e-06
2.747253e+03 1.968104e-06
2.739726e+03 1.986148e-06
2.732240e+03 2.004191e-06
2.724796e+03 2.022234e-06
2.717391e+03 2.040971e-06
2.710027e+03 2.059014e-06
2.702703e+03 2.077752e-06
2.695418e+03 2.096489e-06
2.688172e+03 2.115226e-06
2.680965e+03 2.133963e-06
2.673797e+03 2.152700e-06
2.666667e+03 2.172132e-06
2.659574e+03 2.191563e-06
2.652520e+03 2.210994e-06
2.645503e+03 2.230425e-06
2.638522e+03 2.249856e-06
2.631579e+03 2.269981e-06
2.624672e+03 2.289413e-06
2.617801e+03 2.309538e-06
2.610966e+03 2.329663e-06
2.604167e+03 2.350482e-06
2.597403e+03 2.370607e-06
2.590674e+03 2.391426e-06
2.583979e+03 2.412245e-06
2.577320e+03 2.433064e-06
2.570694e+03 2.453883e-06
2.564103e+03 2.475397e-06
2.557545e+03 2.496216e-06
2.551020e+03 2.517729e-06
2.544529e+03 2.539242e-06
2.538071e+03 2.561449e-06
2.531646e+03 2.582962e-06
2.525253e+03 2.605169e-06
2.518892e+03 2.627376e-06
2.512563e+03 2.649583e-06
2.506266e+03 2.672484e-06
2500 2.694691e-06
2.493766e+03 2.717592e-06
2.487562e+03 2.740493e-06
2.481390e+03 2.763394e-06
2.475248e+03 2.786989e-06
2.469136e+03 2.809890e-06
2.463054e+03 2.833485e-06
2.457002e+03 2.857080e-06
2.450980e+03 2.881369e-06
2.444988e+03 2.904964e-06
2.439024e+03 2.929253e-06
2.433090e+03 2.953542e-06
2.427184e+03 2.977831e-06
2.421308e+03 3.002813e-06
2.415459e+03 3.027102e-06
2.409639e+03 3.052085e-06
2.403846e+03 3.077068e-06
2.398082e+03 3.102745e-06
2.392344e+03 3.128422e-06
2.386635e+03 3.153405e-06
2.380952e+03 3.179776e-06
2.375297e+03 3.205453e-06
2.369668e+03 3.231129e-06
2.364066e+03 3.257500e-06
2.358491e+03 3.283871e-06
2.352941e+03 3.310936e-06
2.347418e+03 3.337307e-06
2.341920e+03 3.364371e-06
2.336449e+03 3.391436e-06
2.331002e+03 3.418501e-06
2.325581e+03 3.446260e-06
2.320186e+03 3.474019e-06
2.314815e+03 3.501777e-06
2.309469e+03 3.529536e-06
2.304147e+03 3.557989e-06
2.298851e+03 3.586442e-06
2.293578e+03 3.614894e-06
2.288330e+03 3.643347e-06
2.283105e+03 3.672494e-06
2.277904e+03 3.701640e-06
2.272727e+03 3.730787e-06
2.267574e+03 3.759934e-06
2.262443e+03 3.789774e-06
2.257336e+03 3.819615e-06
2.252252e+03 3.849456e-06
2.247191e+03 3.879990e-06
2.242152e+03 3.910525e-06
2.237136e+03 3.941059e-06
2.232143e+03 3.971594e-06
2.227171e+03 4.002823e-06
2.222222e+03 4.033357e-06
2.217295e+03 4.065280e-06
2.212389e+03 4.096508e-06
2.207506e+03 4.128431e-06
2.202643e+03 4.160354e-06
2.197802e+03 4.192276e-06
2.192982e+03 4.224893e-06
2.188184e+03 4.257509e-06
2.183406e+03 4.290126e-06
2.178649e+03 4.323436e-06
2.173913e+03 4.356053e-06
2.169197e+03 4.390057e-06
2.164502e+03 4.423367e-06
2.159827e+03 4.457372e-06
2.155172e+03 4.491376e-06
2.150538e+03 4.525381e-06
2.145923e+03 4.560079e-06
2.141328e+03 4.594778e-06
2.136752e+03 4.629476e-06
2.132196e+03 4.664868e-06
2.127660e+03 4.700261e-06
2.123142e+03 4.735653e-06
2.118644e+03 4.771045e-06
2.114165e+03 4.807132e-06
2.109705e+03 4.843218e-06
2.105263e+03 4.879998e-06
2.100840e+03 4.916779e-06
2.096436e+03 4.953559e-06
2.092050e+03 4.990339e-06
2.087683e+03 5.027813e-06
2.083333e+03 5.065288e-06
2.079002e+03 5.103456e-06
2.074689e+03 5.141624e-06
2.070393e+03 5.179792e-06
2.066116e+03 5.218654e-06
2.061856e+03 5.257517e-06
2.057613e+03 5.296379e-06
2.053388e+03 5.335241e-06
2.049180e+03 5.374797e-06
2.044990e+03 5.415047e-06
2.040816e+03 5.454603e-06
2.036660e+03 5.494853e-06
2.032520e+03 5.535798e-06
2.028398e+03 5.576048e-06
2.024291e+03 5.616992e-06
2.020202e+03 5.658630e-06
2.016129e+03 5.700268e-06
2.012072e+03 5.741906e-06
2.008032e+03 5.784238e-06
2.004008e+03 5.826570e-06
2000 5.868902e-06
1.996008e+03 5.911928e-06
1.992032e+03 5.954954e-06
1.988072e+03 5.997980e-06
1.984127e+03 6.041699e-06
1.980198e+03 6.085419e-06
1.976285e+03 6.129833e-06
1.972387e+03 6.174247e-06
1.968504e+03 6.219355e-06
1.964637e+03 6.263769e-06
1.960784e+03 6.309571e-06
1.956947e+03 6.354678e-06
1.953125e+03 6.400480e-06
1.949318e+03 6.446976e-06
1.945525e+03 6.493472e-06
1.941748e+03 6.539967e-06
1.937984e+03 6.587157e-06
1.934236e+03 6.634347e-06
1.930502e+03 6.682231e-06
1.926782e+03 6.730114e-06
1.923077e+03 6.777998e-06
1.919386e+03 6.826576e-06
1.915709e+03 6.875153e-06
1.912046e+03 6.924425e-06
1.908397e+03 6.973696e-06
1.904762e+03 7.023662e-06
1.901141e+03 7.073628e-06
1.897533e+03 7.123593e-06
1.893939e+03 7.174253e-06
1.890359e+03 7.225606e-06
1.886792e+03 7.276960e-06
1.883239e+03 7.328313e-06
1.879699e+03 7.380360e-06
1.876173e+03 7.432408e-06
1.872659e+03 7.485149e-06
1.869159e+03 7.537891e-06
1.865672e+03 7.591326e-06
1.862197e+03 7.644761e-06
1.858736e+03 7.698197e-06
1.855288e+03 7.753020e-06
1.851852e+03 7.807149e-06
1.848429e+03 7.861973e-06
1.845018e+03 7.917490e-06
1.841621e+03 7.973007e-06
1.838235e+03 8.029218e-06
1.834862e+03 8.085429e-06
1.831502e+03 8.141641e-06
1.828154e+03 8.199240e-06
1.824818e+03 8.256145e-06
1.821494e+03 8.313744e-06
1.818182e+03 8.372037e-06
1.814882e+03 8.430330e-06
1.811594e+03 8.489317e-06
1.808318e+03 8.548304e-06
1.805054e+03 8.607985e-06
1.801802e+03 8.668360e-06
1.798561e+03 8.728041e-06
1.795332e+03 8.789110e-06
1.792115e+03 8.850179e-06
1.788909e+03 8.911248e-06
1.785714e+03 8.973705e-06
1.782531e+03 9.035468e-06
1.779359e+03 9.097924e-06
1.776199e+03 9.161075e-06
1.773050e+03 9.224920e-06
1.769912e+03 9.288765e-06
1.766784e+03 9.352609e-06
1.763668e+03 9.417148e-06
1.760563e+03 9.482381e-06
1.757469e+03 9.547613e-06
1.754386e+03 9.613540e-06
1.751313e+03 9.680161e-06
1.748252e+03 9.746781e-06
1.745201e+03 9.814096e-06
1.742160e+03 9.881410e-06
1.739130e+03 9.949419e-06
1.736111e+03 1.001812e-05
1.733102e+03 1.008682e-05
1.730104e+03 1.015622e-05
1.727116e+03 1.022562e-05
1.724138e+03 1.029571e-05
1.721170e+03 1.036649e-05
1.718213e+03 1.043797e-05
1.715266e+03 1.050945e-05
1.712329e+03 1.058093e-05
1.709402e+03 1.065379e-05
1.706485e+03 1.072666e-05
1.703578e+03 1.080022e-05
1.700680e+03 1.087378e-05
1.697793e+03 1.094803e-05
1.694915e+03 1.102298e-05
1.692047e+03 1.109862e-05
1.689189e+03 1.117426e-05
1.686341e+03 1.125060e-05
1.683502e+03 1.132763e-05
1.680672e+03 1.140466e-05
1.677852e+03 1.148238e-05
1.675042e+03 1.156080e-05
1.672241e+03 1.163991e-05
1.669449e+03 1.171903e-05
1.666667e+03 1.179883e-05
1.663894e+03 1.187933e-05
1.661130e+03 1.195983e-05
1.658375e+03 1.204172e-05
1.655629e+03 1.212361e-05
1.652893e+03 1.220619e-05
1.650165e+03 1.228877e-05
1.647446e+03 1.237274e-05
1.644737e+03 1.245671e-05
1.642036e+03 1.254137e-05
1.639344e+03 1.262673e-05
1.636661e+03 1.271209e-05
1.633987e+03 1.279883e-05
1.631321e+03 1.288558e-05
1.628664e+03 1.297302e-05
1.626016e+03 1.306115e-05
1.623377e+03 1.314998e-05
1.620746e+03 1.323950e-05
1.618123e+03 1.332902e-05
1.615509e+03 1.341993e-05
1.612903e+03 1.351084e-05
1.610306e+03 1.360244e-05
1.607717e+03 1.369474e-05
1.605136e+03 1.378773e-05
1.602564e+03 1.388141e-05
1600 1.397510e-05
1.597444e+03 1.407017e-05
1.594896e+03 1.416594e-05
1.592357e+03 1.426170e-05
1.589825e+03 1.435886e-05
1.587302e+03 1.445601e-05
1.584786e+03 1.455386e-05
1.582278e+03 1.465310e-05
1.579779e+03 1.475234e-05
1.577287e+03 1.485227e-05
1.574803e+03 1.495289e-05
1.572327e+03 1.505490e-05
1.569859e+03 1.515691e-05
1.567398e+03 1.525962e-05
1.564945e+03 1.536302e-05
1.562500e+03 1.546781e-05
1.560062e+03 1.557260e-05
1.557632e+03 1.567808e-05
1.555210e+03 1.578495e-05
1.552795e+03 1.589182e-05
1.550388e+03 1.600008e-05
1.547988e+03 1.610903e-05
1.545595e+03 1.621798e-05
1.543210e+03 1.632832e-05
1.540832e+03 1.643935e-05
1.538462e+03 1.655108e-05
1.536098e+03 1.666420e-05
1.533742e+03 1.677731e-05
1.531394e+03 1.689182e-05
1.529052e+03 1.700632e-05
1.526718e+03 1.712221e-05
1.524390e+03 1.723880e-05
1.522070e+03 1.735677e-05
1.519757e+03 1.747474e-05
1.517451e+03 1.759410e-05
1.515152e+03 1.771416e-05
1.512859e+03 1.783491e-05
1.510574e+03 1.795705e-05
1.508296e+03 1.807918e-05
1.506024e+03 1.820271e-05
1.503759e+03 1.832762e-05
1.501502e+03 1.845253e-05
1.499250e+03 1.857883e-05
1.497006e+03 1.870652e-05
1.494768e+03 1.883421e-05
1.492537e+03 1.896329e-05
1.490313e+03 1.909375e-05
1.488095e+03 1.922422e-05
1.485884e+03 1.935676e-05
1.483680e+03 1.948931e-05
1.481481e+03 1.962324e-05
1.479290e+03 1.975856e-05
1.477105e+03 1.989389e-05
1.474926e+03 2.003129e-05
1.472754e+03 2.016939e-05
1.470588e+03 2.030818e-05
1.468429e+03 2.044836e-05
1.466276e+03 2.058923e-05
1.464129e+03 2.073150e-05
1.461988e+03 2.087514e-05
1.459854e+03 2.101949e-05
1.457726e+03 2.116522e-05
1.455604e+03 2.131164e-05
1.453488e+03 2.145946e-05
1.451379e+03 2.160866e-05
1.449275e+03 2.175855e-05
1.447178e+03 2.190984e-05
1.445087e+03 2.206181e-05
1.443001e+03 2.221587e-05
1.440922e+03 2.237063e-05
1.438849e+03 2.252677e-05
1.436782e+03 2.268429e-05
1.434720e+03 2.284252e-05
1.432665e+03 2.300213e-05
1.430615e+03 2.316382e-05
1.428571e+03 2.332621e-05
1.426534e+03 2.348998e-05
1.424501e+03 2.365445e-05
1.422475e+03 2.382100e-05
1.420455e+03 2.398893e-05
1.418440e+03 2.415826e-05
1.416431e+03 2.432828e-05
1.414427e+03 2.450038e-05
1.412429e+03 2.467387e-05
1.410437e+03 2.484875e-05
1.408451e+03 2.502501e-05
1.406470e+03 2.520267e-05
1.404494e+03 2.538171e-05
1.402525e+03 2.556214e-05
1.400560e+03 2.574465e-05
1.398601e+03 2.592854e-05
1.396648e+03 2.611383e-05
1.394700e+03 2.630051e-05
1.392758e+03 2.648926e-05
1.390821e+03 2.667941e-05
1.388889e+03 2.687163e-05
1.386963e+03 2.706525e-05
1.385042e+03 2.726025e-05
1.383126e+03 2.745733e-05
1.381215e+03 2.765580e-05
1.379310e+03 2.785635e-05
1.377410e+03 2.805830e-05
1.375516e+03 2.826232e-05
1.373626e+03 2.846842e-05
1.371742e+03 2.867661e-05
1.369863e+03 2.888619e-05
1.367989e+03 2.909784e-05
1.366120e+03 2.931089e-05
1.364256e+03 2.952671e-05
1.362398e+03 2.974461e-05
1.360544e+03 2.996390e-05
1.358696e+03 3.018527e-05
1.356852e+03 3.040942e-05
1.355014e+03 3.063495e-05
1.353180e+03 3.086326e-05
1.351351e+03 3.109366e-05
1.349528e+03 3.132613e-05
1.347709e+03 3.156069e-05
1.345895e+03 3.179733e-05
1.344086e+03 3.203674e-05
1.342282e+03 3.227824e-05
1.340483e+03 3.252251e-05
1.338688e+03 3.276956e-05
1.336898e+03 3.301799e-05
1.335113e+03 3.326990e-05
1.333333e+03 3.352389e-05
1.331558e+03 3.378065e-05
1.329787e+03 3.404019e-05
1.328021e+03 3.430250e-05
1.326260e+03 3.456759e-05
1.324503e+03 3.483476e-05
1.322751e+03 3.510541e-05
1.321004e+03 3.537882e-05
1.319261e+03 3.565502e-05
1.317523e+03 3.593468e-05
1.315789e+03 3.621712e-05
1.314060e+03 3.650303e-05
1.312336e+03 3.679171e-05
1.310616e+03 3.708387e-05
1.308901e+03 3.737880e-05
1.307190e+03 3.767789e-05
1.305483e+03 3.797976e-05
1.303781e+03 3.828510e-05
1.302083e+03 3.859460e-05
1.300390e+03 3.890757e-05
1.298701e+03 3.922402e-05
1.297017e+03 3.954393e-05
1.295337e+03 3.986870e-05
1.293661e+03 4.019694e-05
1.291990e+03 4.052865e-05
1.290323e+03 4.086521e-05
1.288660e+03 4.120594e-05
1.287001e+03 4.155084e-05
1.285347e+03 4.189990e-05
1.283697e+03 4.225381e-05
1.282051e+03 4.261258e-05
1.280410e+03 4.297552e-05
1.278772e+03 4.334331e-05
1.277139e+03 4.371666e-05
1.275510e+03 4.409417e-05
1.273885e+03 4.447792e-05
1.272265e+03 4.486584e-05
1.270648e+03 4.526001e-05
1.269036e+03 4.565972e-05
1.267427e+03 4.606499e-05
1.265823e+03 4.647650e-05
1.264223e+03 4.689357e-05
1.262626e+03 4.731688e-05
1.261034e+03 4.774712e-05
1.259446e+03 4.818362e-05
1.257862e+03 4.862636e-05
1.256281e+03 4.907673e-05
1.254705e+03 4.953405e-05
1.253133e+03 4.999830e-05
1.251564e+03 5.047088e-05
1250 5.095040e-05
1.248439e+03 5.143824e-05
1.246883e+03 5.193442e-05
1.245330e+03 5.243961e-05
1.243781e+03 5.295313e-05
1.242236e+03 5.347568e-05
1.240695e+03 5.400724e-05
1.239157e+03 5.454922e-05
1.237624e+03 5.510021e-05
1.236094e+03 5.566231e-05
1.234568e+03 5.623482e-05
1.233046e+03 5.681912e-05
1.231527e+03 5.741384e-05
1.230012e+03 5.802104e-05
1.228501e+03 5.864074e-05
1.226994e+03 5.927292e-05
1.225490e+03 5.991829e-05
1.223990e+03 6.057754e-05
1.222494e+03 6.125067e-05
1.221001e+03 6.193907e-05
1.219512e+03 6.264342e-05
1.218027e+03 6.336305e-05
1.216545e+03 6.410002e-05
1.215067e+03 6.485434e-05
1.213592e+03 6.562670e-05
1.212121e+03 6.641850e-05
1.210654e+03 6.722972e-05
1.209190e+03 6.806176e-05
1.207729e+03 6.891601e-05
1.206273e+03 6.979246e-05
1.204819e+03 7.069320e-05
1.203369e+03 7.161893e-05
1.201923e+03 7.257033e-05
1.200480e+03 7.354949e-05
1.199041e+03 7.455779e-05
1.197605e+03 7.559593e-05
1.196172e+03 7.666669e-05
1.194743e+03 7.777075e-05
1.193317e+03 7.891021e-05
1.191895e+03 8.008784e-05
1.190476e+03 8.130432e-05
1.189061e+03 8.256314e-05
1.187648e+03 8.386636e-05
1.186240e+03 8.521609e-05
1.184834e+03 8.661577e-05
1.183432e+03 8.806889e-05
1.182033e+03 8.957752e-05
1.180638e+03 9.114653e-05
1.179245e+03 9.277869e-05
1.177856e+03 9.447885e-05
1.176471e+03 9.625187e-05
1.175088e+03 9.810262e-05
1.173709e+03 1.000359e-04
1.172333e+03 1.020581e-04
1.170960e+03 1.041760e-04
1.169591e+03 1.063973e-04
1.168224e+03 1.087283e-04
1.166861e+03 1.111786e-04
1.165501e+03 1.137580e-04
1.164144e+03 1.164761e-04
1.162791e+03 1.193449e-04
1.161440e+03 1.223767e-04
1.160093e+03 1.255862e-04
1.158749e+03 1.289893e-04
1.157407e+03 1.326026e-04
1.156069e+03 1.364464e-04
1.154734e+03 1.405420e-04
1.153403e+03 1.449138e-04
1.152074e+03 1.495896e-04
1.150748e+03 1.545991e-04
1.149425e+03 1.599778e-04
1.148106e+03 1.657653e-04
1.146789e+03 1.720045e-04
1.145475e+03 1.787461e-04
1.144165e+03 1.860477e-04
1.142857e+03 1.939746e-04
1.141553e+03 2.026002e-04
1.140251e+03 2.120107e-04
1.138952e+03 2.223038e-04
1.137656e+03 2.335928e-04
1.136364e+03 2.460066e-04
1.135074e+03 2.596952e-04
1.133787e+03 2.748326e-04
1.132503e+03 2.916189e-04
1.131222e+03 3.102864e-04
1.129944e+03 3.311024e-04
1.128668e+03 3.543769e-04
1.127396e+03 3.804646e-04
1.126126e+03 4.097694e-04
1.124859e+03 4.427499e-04
1.123596e+03 4.799114e-04
1.122334e+03 5.218034e-04
1.121076e+03 5.689964e-04
1.119821e+03 6.220434e-04
1.118568e+03 6.814137e-04
1.117318e+03 7.473869e-04
1.116071e+03 8.198945e-04
1.114827e+03 8.982968e-04
1.113586e+03 9.811187e-04
1.112347e+03 1.065763e-03
1.111111e+03 1.148321e-03
1.109878e+03 1.223611e-03
1.108647e+03 1.285629e-03
1.107420e+03 1.328478e-03
1.106195e+03 1.347616e-03
1.104972e+03 1.341022e-03
1.103753e+03 1.309753e-03
1.102536e+03 1.257623e-03
1.101322e+03 1.190179e-03
1.100110e+03 1.113427e-03
1.098901e+03 1.032798e-03
1.097695e+03 9.525699e-04
1.096491e+03 8.757183e-04
1.095290e+03 8.040522e-04
1.094092e+03 7.384726e-04
1.092896e+03 6.792434e-04
1.091703e+03 6.262202e-04
1.090513e+03 5.790243e-04
1.089325e+03 5.371588e-04
1.088139e+03 5.000886e-04
1.086957e+03 4.672843e-04
1.085776e+03 4.382483e-04
1.084599e+03 4.125260e-04
1.083424e+03 3.897122e-04
1.082251e+03 3.694488e-04
1.081081e+03 3.514206e-04
1.079914e+03 3.353564e-04
1.078749e+03 3.210168e-04
1.077586e+03 3.081976e-04
1.076426e+03 2.967200e-04
1.075269e+03 2.864297e-04
1.074114e+03 2.771914e-04
1.072961e+03 2.688908e-04
1.071811e+03 2.614250e-04
1.070664e+03 2.547059e-04
1.069519e+03 2.486565e-04
1.068376e+03 2.432087e-04
1.067236e+03 2.383037e-04
1.066098e+03 2.338893e-04
1.064963e+03 2.299190e-04
1.063830e+03 2.263527e-04
1.062699e+03 2.231541e-04
1.061571e+03 2.202914e-04
1.060445e+03 2.177368e-04
1.059322e+03 2.154640e-04
1.058201e+03 2.134515e-04
1.057082e+03 2.116790e-04
1.055966e+03 2.101279e-04
1.054852e+03 2.087823e-04
1.053741e+03 2.076274e-04
1.052632e+03 2.066510e-04
1.051525e+03 2.058404e-04
1.050420e+03 2.051852e-04
1.049318e+03 2.046764e-04
1.048218e+03 2.043051e-04
1.047120e+03 2.040629e-04
1.046025e+03 2.039427e-04
1.044932e+03 2.039385e-04
1.043841e+03 2.040446e-04
1.042753e+03 2.042555e-04
1.041667e+03 2.045656e-04
1.040583e+03 2.049722e-04
1.039501e+03 2.054697e-04
1.038422e+03 2.060547e-04
1.037344e+03 2.067250e-04
1.036269e+03 2.074772e-04
1.035197e+03 2.083078e-04
1.034126e+03 2.092147e-04
1.033058e+03 2.101966e-04
1.031992e+03 2.112500e-04
1.030928e+03 2.123741e-04
1.029866e+03 2.135677e-04
1.028807e+03 2.148285e-04
1.027749e+03 2.161553e-04
1.026694e+03 2.175473e-04
1.025641e+03 2.190032e-04
1.024590e+03 2.205229e-04
1.023541e+03 2.221043e-04
1.022495e+03 2.237475e-04
1.021450e+03 2.254525e-04
1.020408e+03 2.272179e-04
1.019368e+03 2.290443e-04
1.018330e+03 2.309304e-04
1.017294e+03 2.328769e-04
1.016260e+03 2.348830e-04
1.015228e+03 2.369495e-04
1.014199e+03 2.390757e-04
1.013171e+03 2.412623e-04
1.012146e+03 2.435093e-04
1.011122e+03 2.458166e-04
1.010101e+03 2.481850e-04
1.009082e+03 2.506151e-04
1.008065e+03 2.531064e-04
1.007049e+03 2.556600e-04
1.006036e+03 2.582768e-04
1.005025e+03 2.609561e-04
1.004016e+03 2.637006e-04
1.003009e+03 2.665090e-04
1.002004e+03 2.693832e-04
1.001001e+03 2.723234e-04
1000 2.753309e-04
9.990010e+02 2.784071e-04
9.980040e+02 2.815513e-04
9.970090e+02 2.847663e-04
9.960159e+02 2.880521e-04
9.950249e+02 2.914100e-04
9.940358e+02 2.948415e-04
9.930487e+02 2.983473e-04
9.920635e+02 3.019287e-04
9.910803e+02 3.055871e-04
9.900990e+02 3.093232e-04
9.891197e+02 3.131398e-04
9.881423e+02 3.170370e-04
9.871668e+02 3.210167e-04
9.861933e+02 3.250810e-04
9.852217e+02 3.292300e-04
9.842520e+02 3.334665e-04
9.832842e+02 3.377918e-04
9.823183e+02 3.422073e-04
9.813543e+02 3.467150e-04
9.803922e+02 3.513165e-04
9.794319e+02 3.560137e-04
9.784736e+02 3.608081e-04
9.775171e+02 3.657024e-04
9.765625e+02 3.706980e-04
9.756098e+02 3.757963e-04
9.746589e+02 3.810008e-04
9.737098e+02 3.863122e-04
9.727626e+02 3.917325e-04
9.718173e+02 3.972652e-04
9.708738e+02 4.029110e-04
9.699321e+02 4.086727e-04
9.689922e+02 4.145531e-04
9.680542e+02 4.205535e-04
9.671180e+02 4.266760e-04
9.661836e+02 4.329242e-04
9.652510e+02 4.392993e-04
9.643202e+02 4.458042e-04
9.633911e+02 4.524417e-04
9.624639e+02 4.592131e-04
9.615385e+02 4.661211e-04
9.606148e+02 4.731680e-04
9.596929e+02 4.803571e-04
9.587728e+02 4.876906e-04
9.578544e+02 4.951698e-04
9.569378e+02 5.027988e-04
9.560229e+02 5.105785e-04
9.551098e+02 5.185115e-04
9.541985e+02 5.266006e-04
9.532888e+02 5.348480e-04
9.523810e+02 5.432557e-04
9.514748e+02 5.518257e-04
9.505703e+02 5.605609e-04
9.496676e+02 5.694626e-04
9.487666e+02 5.785323e-04
9.478673e+02 5.877734e-04
9.469697e+02 5.971858e-04
9.460738e+02 6.067725e-04
9.451796e+02 6.165340e-04
9.442871e+02 6.264718e-04
9.433962e+02 6.365872e-04
9.425071e+02 6.468810e-04
9.416196e+02 6.573538e-04
9.407338e+02 6.680057e-04
9.398496e+02 6.788379e-04
9.389671e+02 6.898492e-04
9.380863e+02 7.010396e-04
9.372071e+02 7.124090e-04
9.363296e+02 7.239553e-04
9.354537e+02 7.356779e-04
9.345794e+02 7.475740e-04
9.337068e+02 7.596422e-04
9.328358e+02 7.718797e-04
9.319664e+02 7.842824e-04
9.310987e+02 7.968482e-04
9.302326e+02 8.095708e-04
9.293680e+02 8.224468e-04
9.285051e+02 8.354699e-04
9.276438e+02 8.486352e-04
9.267841e+02 8.619345e-04
9.259259e+02 8.753608e-04
9.250694e+02 8.889065e-04
9.242144e+02 9.025618e-04
9.233610e+02 9.163178e-04
9.225092e+02 9.301633e-04
9.216590e+02 9.440872e-04
9.208103e+02 9.580778e-04
9.199632e+02 9.721218e-04
9.191176e+02 9.862054e-04
9.182736e+02 1.000313e-03
9.174312e+02 1.014432e-03
9.165903e+02 1.028542e-03
9.157509e+02 1.042628e-03
9.149131e+02 1.056672e-03
9.140768e+02 1.070655e-03
9.132420e+02 1.084557e-03
9.124088e+02 1.098357e-03
9.115770e+02 1.112034e-03
9.107468e+02 1.125567e-03
9.099181e+02 1.138934e-03
9.090909e+02 1.152112e-03
9.082652e+02 1.165077e-03
9.074410e+02 1.177805e-03
9.066183e+02 1.190273e-03
9.057971e+02 1.202457e-03
9.049774e+02 1.214333e-03
9.041591e+02 1.225876e-03
9.033424e+02 1.237063e-03
9.025271e+02 1.247870e-03
9.017133e+02 1.258274e-03
9.009009e+02 1.268253e-03
9.000900e+02 1.277785e-03
8.992806e+02 1.286848e-03
8.984726e+02 1.295422e-03
8.976661e+02 1.303489e-03
8.968610e+02 1.311031e-03
8.960573e+02 1.318031e-03
8.952551e+02 1.324474e-03
8.944544e+02 1.330347e-03
8.936550e+02 1.335638e-03
8.928571e+02 1.340336e-03
8.920607e+02 1.344434e-03
8.912656e+02 1.347924e-03
8.904720e+02 1.350803e-03
8.896797e+02 1.353066e-03
8.888889e+02 1.354715e-03
8.880995e+02 1.355747e-03
8.873114e+02 1.356169e-03
8.865248e+02 1.355984e-03
8.857396e+02 1.355199e-03
8.849558e+02 1.353822e-03
8.841733e+02 1.351863e-03
8.833922e+02 1.349334e-03
8.826125e+02 1.346249e-03
8.818342e+02 1.342622e-03
8.810573e+02 1.338469e-03
8.802817e+02 1.333807e-03
8.795075e+02 1.328655e-03
8.787346e+02 1.323032e-03
8.779631e+02 1.316958e-03
8.771930e+02 1.310454e-03
8.764242e+02 1.303541e-03
8.756567e+02 1.296242e-03
8.748906e+02 1.288579e-03
8.741259e+02 1.280574e-03
8.733624e+02 1.272249e-03
8.726003e+02 1.263628e-03
8.718396e+02 1.254734e-03
8.710801e+02 1.245588e-03
8.703220e+02 1.236212e-03
8.695652e+02 1.226630e-03
8.688097e+02 1.216861e-03
8.680556e+02 1.206927e-03
8.673027e+02 1.196849e-03
8.665511e+02 1.186645e-03
8.658009e+02 1.176336e-03
8.650519e+02 1.165940e-03
8.643042e+02 1.155475e-03
8.635579e+02 1.144957e-03
8.628128e+02 1.134405e-03
8.620690e+02 1.123832e-03
8.613264e+02 1.113253e-03
8.605852e+02 1.102683e-03
8.598452e+02 1.092137e-03
8.591065e+02 1.081625e-03
8.583691e+02 1.071160e-03
8.576329e+02 1.060753e-03
8.568980e+02 1.050415e-03
8.561644e+02 1.040156e-03
8.554320e+02 1.029985e-03
8.547009e+02 1.019909e-03
8.539710e+02 1.009937e-03
8.532423e+02 1.000078e-03
8.525149e+02 9.903357e-04
8.517888e+02 9.807180e-04
8.510638e+02 9.712301e-04
8.503401e+02 9.618776e-04
8.496177e+02 9.526645e-04
8.488964e+02 9.435957e-04
8.481764e+02 9.346740e-04
8.474576e+02 9.259036e-04
8.467401e+02 9.172866e-04
8.460237e+02 9.088271e-04
8.453085e+02 9.005258e-04
8.445946e+02 8.923862e-04
8.438819e+02 8.844090e-04
8.431703e+02 8.765963e-04
8.424600e+02 8.689487e-04
8.417508e+02 8.614676e-04
8.410429e+02 8.541531e-04
8.403361e+02 8.470065e-04
8.396306e+02 8.400286e-04
8.389262e+02 8.332186e-04
8.382230e+02 8.265765e-04
8.375209e+02 8.201038e-04
8.368201e+02 8.137990e-04
8.361204e+02 8.076621e-04
8.354219e+02 8.016925e-04
8.347245e+02 7.958901e-04
8.340284e+02 7.902549e-04
8.333333e+02 7.847856e-04
8.326395e+02 7.794822e-04
8.319468e+02 7.743432e-04
8.312552e+02 7.693687e-04
8.305648e+02 7.645573e-04
8.298755e+02 7.599090e-04
8.291874e+02 7.554230e-04
8.285004e+02 7.510980e-04
8.278146e+02 7.469334e-04
8.271299e+02 7.429290e-04
8.264463e+02 7.390843e-04
8.257638e+02 7.353970e-04
8.250825e+02 7.318680e-04
8.244023e+02 7.284966e-04
8.237232e+02 7.252812e-04
8.230453e+02 7.222220e-04
8.223684e+02 7.193190e-04
8.216927e+02 7.165707e-04
8.210181e+02 7.139764e-04
8.203445e+02 7.115376e-04
8.196721e+02 7.092522e-04
8.190008e+02 7.071208e-04
8.183306e+02 7.051435e-04
8.176615e+02 7.033188e-04
8.169935e+02 7.016489e-04
8.163265e+02 7.001317e-04
8.156607e+02 6.987685e-04
8.149959e+02 6.975594e-04
8.143322e+02 6.965050e-04
8.136697e+02 6.956047e-04
8.130081e+02 6.948598e-04
8.123477e+02 6.942711e-04
8.116883e+02 6.938385e-04
8.110300e+02 6.935627e-04
8.103728e+02 6.934451e-04
8.097166e+02 6.934872e-04
8.090615e+02 6.936889e-04
8.084074e+02 6.940515e-04
8.077544e+02 6.945772e-04
8.071025e+02 6.952674e-04
8.064516e+02 6.961228e-04
8.058018e+02 6.971454e-04
8.051530e+02 6.983373e-04
8.045052e+02 6.997006e-04
8.038585e+02 7.012367e-04
8.032129e+02 7.029484e-04
8.025682e+02 7.048377e-04
8.019246e+02 7.069074e-04
8.012821e+02 7.091603e-04
8.006405e+02 7.115986e-04
800 7.142255e-04
7.993605e+02 7.170447e-04
7.987220e+02 7.200596e-04
7.980846e+02 7.232729e-04
7.974482e+02 7.266889e-04
7.968127e+02 7.303109e-04
7.961783e+02 7.341439e-04
7.955449e+02 7.381914e-04
7.949126e+02 7.424574e-04
7.942812e+02 7.469482e-04
7.936508e+02 7.516674e-04
7.930214e+02 7.566211e-04
7.923930e+02 7.618135e-04
7.917656e+02 7.672508e-04
7.911392e+02 7.729387e-04
7.905138e+02 7.788833e-04
7.898894e+02 7.850902e-04
7.892660e+02 7.915671e-04
7.886435e+02 7.983201e-04
7.880221e+02 8.053563e-04
7.874016e+02 8.126832e-04
7.867821e+02 8.203078e-04
7.861635e+02 8.282377e-04
7.855460e+02 8.364820e-04
7.849294e+02 8.450482e-04
7.843137e+02 8.539448e-04
7.836991e+02 8.631800e-04
7.830854e+02 8.727642e-04
7.824726e+02 8.827058e-04
7.818608e+02 8.930145e-04
7.812500e+02 9.036993e-04
7.806401e+02 9.147706e-04
7.800312e+02 9.262381e-04
7.794232e+02 9.381116e-04
7.788162e+02 9.504021e-04
7.782101e+02 9.631187e-04
7.776050e+02 9.762724e-04
7.770008e+02 9.898738e-04
7.763975e+02 1.003932e-03
7.757952e+02 1.018459e-03
7.751938e+02 1.033462e-03
7.745933e+02 1.048951e-03
7.739938e+02 1.064938e-03
7.733952e+02 1.081428e-03
7.727975e+02 1.098431e-03
7.722008e+02 1.115954e-03
7.716049e+02 1.134004e-03
7.710100e+02 1.152585e-03
7.704160e+02 1.171704e-03
7.698229e+02 1.191361e-03
7.692308e+02 1.211561e-03
7.686395e+02 1.232300e-03
7.680492e+02 1.253578e-03
7.674597e+02 1.275390e-03
7.668712e+02 1.297729e-03
7.662835e+02 1.320586e-03
7.656968e+02 1.343947e-03
7.651109e+02 1.367798e-03
7.645260e+02 1.392117e-03
7.639419e+02 1.416882e-03
7.633588e+02 1.442065e-03
7.627765e+02 1.467633e-03
7.621951e+02 1.493548e-03
7.616146e+02 1.519770e-03
7.610350e+02 1.546248e-03
7.604563e+02 1.572932e-03
7.598784e+02 1.599759e-03
7.593014e+02 1.626667e-03
7.587253e+02 1.653584e-03
7.581501e+02 1.680433e-03
7.575758e+02 1.707130e-03
7.570023e+02 1.733589e-03
7.564297e+02 1.759716e-03
7.558579e+02 1.785412e-03
7.552870e+02 1.810575e-03
7.547170e+02 1.835098e-03
7.541478e+02 1.858875e-03
7.535795e+02 1.881793e-03
7.530120e+02 1.903744e-03
7.524454e+02 1.924616e-03
7.518797e+02 1.944301e-03
7.513148e+02 1.962695e-03
7.507508e+02 1.979698e-03
7.501875e+02 1.995216e-03
7.496252e+02 2.009161e-03
7.490637e+02 2.021456e-03
7.485030e+02 2.032034e-03
7.479432e+02 2.040838e-03
7.473842e+02 2.047822e-03
7.468260e+02 2.052956e-03
7.462687e+02 2.056220e-03
7.457122e+02 2.057610e-03
7.451565e+02 2.057133e-03
7.446016e+02 2.054813e-03
7.440476e+02 2.050682e-03
7.434944e+02 2.044789e-03
7.429421e+02 2.037192e-03
7.423905e+02 2.027960e-03
7.418398e+02 2.017172e-03
7.412898e+02 2.004913e-03
7.407407e+02 1.991277e-03
7.401925e+02 1.976362e-03
7.396450e+02 1.960270e-03
7.390983e+02 1.943107e-03
7.385524e+02 1.924977e-03
7.380074e+02 1.905989e-03
7.374631e+02 1.886249e-03
7.369197e+02 1.865859e-03
7.363770e+02 1.844919e-03
7.358352e+02 1.823529e-03
7.352941e+02 1.801781e-03
7.347539e+02 1.779763e-03
7.342144e+02 1.757560e-03
7.336757e+02 1.735249e-03
7.331378e+02 1.712904e-03
7.326007e+02 1.690592e-03
7.320644e+02 1.668376e-03
7.315289e+02 1.646310e-03
7.309942e+02 1.624447e-03
7.304602e+02 1.602833e-03
7.299270e+02 1.581508e-03
7.293946e+02 1.560509e-03
7.288630e+02 1.539867e-03
7.283321e+02 1.519611e-03
7.278020e+02 1.499764e-03
7.272727e+02 1.480346e-03
7.267442e+02 1.461374e-03
7.262164e+02 1.442862e-03
7.256894e+02 1.424820e-03
7.251632e+02 1.407257e-03
7.246377e+02 1.390179e-03
7.241130e+02 1.373590e-03
7.235890e+02 1.357492e-03
7.230658e+02 1.341886e-03
7.225434e+02 1.326770e-03
7.220217e+02 1.312143e-03
7.215007e+02 1.298001e-03
7.209805e+02 1.284340e-03
7.204611e+02 1.271154e-03
7.199424e+02 1.258438e-03
7.194245e+02 1.246186e-03
7.189073e+02 1.234390e-03
7.183908e+02 1.223043e-03
7.178751e+02 1.212137e-03
7.173601e+02 1.201664e-03
7.168459e+02 1.191617e-03
7.163324e+02 1.181987e-03
7.158196e+02 1.172765e-03
7.153076e+02 1.163943e-03
7.147963e+02 1.155513e-03
7.142857e+02 1.147468e-03
7.137759e+02 1.139797e-03
7.132668e+02 1.132493e-03
7.127584e+02 1.125549e-03
7.122507e+02 1.118955e-03
7.117438e+02 1.112705e-03
7.112376e+02 1.106791e-03
7.107321e+02 1.101207e-03
7.102273e+02 1.095942e-03
7.097232e+02 1.090992e-03
7.092199e+02 1.086351e-03
7.087172e+02 1.082009e-03
7.082153e+02 1.077962e-03
7.077141e+02 1.074204e-03
7.072136e+02 1.070727e-03
7.067138e+02 1.067528e-03
7.062147e+02 1.064599e-03
7.057163e+02 1.061936e-03
7.052186e+02 1.059534e-03
7.047216e+02 1.057387e-03
7.042254e+02 1.055490e-03
7.037298e+02 1.053840e-03
7.032349e+02 1.052431e-03
7.027407e+02 1.051261e-03
7.022472e+02 1.050323e-03
7.017544e+02 1.049616e-03
7.012623e+02 1.049135e-03
7.007708e+02 1.048877e-03
7.002801e+02 1.048838e-03
6.997901e+02 1.049017e-03
6.993007e+02 1.049408e-03
6.988120e+02 1.050010e-03
6.983240e+02 1.050820e-03
6.978367e+02 1.051836e-03
6.973501e+02 1.053056e-03
6.968641e+02 1.054476e-03
6.963788e+02 1.056096e-03
6.958942e+02 1.057912e-03
6.954103e+02 1.059925e-03
6.949270e+02 1.062132e-03
6.944444e+02 1.064531e-03
6.939625e+02 1.067120e-03
6.934813e+02 1.069900e-03
6.930007e+02 1.072869e-03
6.925208e+02 1.076026e-03
6.920415e+02 1.079370e-03
6.915629e+02 1.082900e-03
6.910850e+02 1.086616e-03
6.906077e+02 1.090517e-03
6.901311e+02 1.094603e-03
6.896552e+02 1.098873e-03
6.891799e+02 1.103328e-03
6.887052e+02 1.107967e-03
6.882312e+02 1.112790e-03
6.877579e+02 1.117798e-03
6.872852e+02 1.122991e-03
6.868132e+02 1.128369e-03
6.863418e+02 1.133932e-03
6.858711e+02 1.139682e-03
6.854010e+02 1.145618e-03
6.849315e+02 1.151742e-03
6.844627e+02 1.158054e-03
6.839945e+02 1.164556e-03
6.835270e+02 1.171249e-03
6.830601e+02 1.178132e-03
6.825939e+02 1.185209e-03
6.821282e+02 1.192479e-03
6.816633e+02 1.199946e-03
6.811989e+02 1.207610e-03
6.807352e+02 1.215472e-03
6.802721e+02 1.223535e-03
6.798097e+02 1.231801e-03
6.793478e+02 1.240270e-03
6.788866e+02 1.248946e-03
6.784261e+02 1.257830e-03
6.779661e+02 1.266925e-03
6.775068e+02 1.276234e-03
6.770481e+02 1.285757e-03
6.765900e+02 1.295499e-03
6.761325e+02 1.305461e-03
6.756757e+02 1.315646e-03
6.752194e+02 1.326058e-03
6.747638e+02 1.336699e-03
6.743088e+02 1.347572e-03
6.738544e+02 1.358680e-03
6.734007e+02 1.370027e-03
6.729475e+02 1.381616e-03
6.724950e+02 1.393450e-03
6.720430e+02 1.405534e-03
6.715917e+02 1.417870e-03
6.711409e+02 1.430463e-03
6.706908e+02 1.443317e-03
6.702413e+02 1.456435e-03
6.697924e+02 1.469823e-03
6.693440e+02 1.483482e-03
6.688963e+02 1.497420e-03
6.684492e+02 1.511641e-03
6.680027e+02 1.526148e-03
6.675567e+02 1.540947e-03
6.671114e+02 1.556043e-03
6.666667e+02 1.571440e-03
6.662225e+02 1.587145e-03
6.657790e+02 1.603162e-03
6.653360e+02 1.619497e-03
6.648936e+02 1.636156e-03
6.644518e+02 1.653144e-03
6.640106e+02 1.670468e-03
6.635700e+02 1.688133e-03
6.631300e+02 1.706146e-03
6.626905e+02 1.724514e-03
6.622517e+02 1.743241e-03
6.618134e+02 1.762337e-03
6.613757e+02 1.781808e-03
6.609385e+02 1.801659e-03
6.605020e+02 1.821900e-03
6.600660e+02 1.842536e-03
6.596306e+02 1.863576e-03
6.591958e+02 1.885028e-03
6.587615e+02 1.906899e-03
6.583278e+02 1.929198e-03
6.578947e+02 1.951932e-03
6.574622e+02 1.975111e-03
6.570302e+02 1.998743e-03
6.565988e+02 2.022835e-03
6.561680e+02 2.047399e-03
6.557377e+02 2.072442e-03
6.553080e+02 2.097975e-03
6.548788e+02 2.124007e-03
6.544503e+02 2.150546e-03
6.540222e+02 2.177605e-03
6.535948e+02 2.205191e-03
6.531679e+02 2.233316e-03
6.527415e+02 2.261991e-03
6.523157e+02 2.291225e-03
6.518905e+02 2.321030e-03
6.514658e+02 2.351417e-03
6.510417e+02 2.382396e-03
6.506181e+02 2.413980e-03
6.501951e+02 2.446179e-03
6.497726e+02 2.479005e-03
6.493506e+02 2.512470e-03
6.489293e+02 2.546586e-03
6.485084e+02 2.581365e-03
6.480881e+02 2.616820e-03
6.476684e+02 2.652960e-03
6.472492e+02 2.689802e-03
6.468305e+02 2.727356e-03
6.464124e+02 2.765634e-03
6.459948e+02 2.804649e-03
6.455778e+02 2.844415e-03
6.451613e+02 2.884944e-03
6.447453e+02 2.926247e-03
6.443299e+02 2.968339e-03
6.439150e+02 3.011231e-03
6.435006e+02 3.054937e-03
6.430868e+02 3.099467e-03
6.426735e+02 3.144835e-03
6.422608e+02 3.191053e-03
6.418485e+02 3.238134e-03
6.414368e+02 3.286087e-03
6.410256e+02 3.334924e-03
6.406150e+02 3.384658e-03
6.402049e+02 3.435298e-03
6.397953e+02 3.486855e-03
6.393862e+02 3.539337e-03
6.389776e+02 3.592755e-03
6.385696e+02 3.647117e-03
6.381621e+02 3.702430e-03
6.377551e+02 3.758703e-03
6.373486e+02 3.815940e-03
6.369427e+02 3.874149e-03
6.365372e+02 3.933332e-03
6.361323e+02 3.993493e-03
6.357279e+02 4.054633e-03
6.353240e+02 4.116756e-03
6.349206e+02 4.179858e-03
6.345178e+02 4.243939e-03
6.341154e+02 4.308995e-03
6.337136e+02 4.375019e-03
6.333122e+02 4.442006e-03
6.329114e+02 4.509946e-03
6.325111e+02 4.578827e-03
6.321113e+02 4.648636e-03
6.317119e+02 4.719357e-03
6.313131e+02 4.790972e-03
6.309148e+02 4.863460e-03
6.305170e+02 4.936797e-03
6.301197e+02 5.010956e-03
6.297229e+02 5.085907e-03
6.293266e+02 5.161618e-03
6.289308e+02 5.238051e-03
6.285355e+02 5.315167e-03
6.281407e+02 5.392923e-03
6.277464e+02 5.471272e-03
6.273526e+02 5.550160e-03
6.269592e+02 5.629535e-03
6.265664e+02 5.709337e-03
6.261741e+02 5.789501e-03
6.257822e+02 5.869962e-03
6.253909e+02 5.950645e-03
625 6.031476e-03
6.246096e+02 6.112373e-03
6.242197e+02 6.193252e-03
6.238303e+02 6.274022e-03
6.234414e+02 6.354591e-03
6.230530e+02 6.434859e-03
6.226650e+02 6.514726e-03
6.222775e+02 6.594085e-03
6.218905e+02 6.672826e-03
6.215040e+02 6.750836e-03
6.211180e+02 6.827998e-03
6.207325e+02 6.904192e-03
6.203474e+02 6.979297e-03
6.199628e+02 7.053185e-03
6.195787e+02 7.125733e-03
6.191950e+02 7.196810e-03
6.188119e+02 7.266287e-03
6.184292e+02 7.334035e-03
6.180470e+02 7.399923e-03
6.176652e+02 7.463822e-03
6.172840e+02 7.525604e-03
6.169031e+02 7.585142e-03
6.165228e+02 7.642312e-03
6.161429e+02 7.696992e-03
6.157635e+02 7.749066e-03
6.153846e+02 7.798419e-03
6.150062e+02 7.844943e-03
6.146281e+02 7.888537e-03
6.142506e+02 7.929102e-03
6.138735e+02 7.966549e-03
6.134969e+02 8.000796e-03
6.131208e+02 8.031766e-03
6.127451e+02 8.059394e-03
6.123699e+02 8.083623e-03
6.119951e+02 8.104402e-03
6.116208e+02 8.121692e-03
6.112469e+02 8.135463e-03
6.108735e+02 8.145696e-03
6.105006e+02 8.152378e-03
6.101281e+02 8.155511e-03
6.097561e+02 8.155104e-03
6.093845e+02 8.151174e-03
6.090134e+02 8.143753e-03
6.086427e+02 8.132877e-03
6.082725e+02 8.118595e-03
6.079027e+02 8.100961e-03
6.075334e+02 8.080041e-03
6.071645e+02 8.055909e-03
6.067961e+02 8.028641e-03
6.064281e+02 7.998327e-03
6.060606e+02 7.965058e-03
6.056935e+02 7.928935e-03
6.053269e+02 7.890060e-03
6.049607e+02 7.848543e-03
6.045949e+02 7.804496e-03
6.042296e+02 7.758035e-03
6.038647e+02 7.709279e-03
6.035003e+02 7.658348e-03
6.031363e+02 7.605364e-03
6.027728e+02 7.550452e-03
6.024096e+02 7.493733e-03
6.020470e+02 7.435332e-03
6.016847e+02 7.375372e-03
6.013229e+02 7.313974e-03
6.009615e+02 7.251259e-03
6.006006e+02 7.187344e-03
6.002401e+02 7.122347e-03
5.998800e+02 7.056380e-03
5.995204e+02 6.989555e-03
5.991612e+02 6.921979e-03
5.988024e+02 6.853756e-03
5.984440e+02 6.784987e-03
5.980861e+02 6.715769e-03
5.977286e+02 6.646197e-03
5.973716e+02 6.576358e-03
5.970149e+02 6.506341e-03
5.966587e+02 6.436224e-03
5.963029e+02 6.366087e-03
5.959476e+02 6.296002e-03
5.955926e+02 6.226041e-03
5.952381e+02 6.156268e-03
5.948840e+02 6.086746e-03
5.945303e+02 6.017531e-03
5.941771e+02 5.948680e-03
5.938242e+02 5.880242e-03
5.934718e+02 5.812265e-03
5.931198e+02 5.744792e-03
5.927682e+02 5.677865e-03
5.924171e+02 5.611520e-03
5.920663e+02 5.545791e-03
5.917160e+02 5.480711e-03
5.913661e+02 5.416306e-03
5.910165e+02 5.352603e-03
5.906675e+02 5.289626e-03
5.903188e+02 5.227395e-03
5.899705e+02 5.165928e-03
5.896226e+02 5.105241e-03
5.892752e+02 5.045349e-03
5.889282e+02 4.986264e-03
5.885815e+02 4.927996e-03
5.882353e+02 4.870553e-03
5.878895e+02 4.813944e-03
5.875441e+02 4.758171e-03
5.871991e+02 4.703242e-03
5.868545e+02 4.649157e-03
5.865103e+02 4.595918e-03
5.861665e+02 4.543526e-03
5.858231e+02 4.491979e-03
5.854801e+02 4.441276e-03
5.851375e+02 4.391414e-03
5.847953e+02 4.342389e-03
5.844535e+02 4.294198e-03
5.841121e+02 4.246836e-03
5.837712e+02 4.200296e-03
5.834306e+02 4.154572e-03
5.830904e+02 4.109658e-03
5.827506e+02 4.065547e-03
5.824112e+02 4.022230e-03
5.820722e+02 3.979699e-03
5.817336e+02 3.937948e-03
5.813953e+02 3.896965e-03
5.810575e+02 3.856743e-03
5.807201e+02 3.817273e-03
5.803831e+02 3.778543e-03
5.800464e+02 3.740547e-03
5.797101e+02 3.703274e-03
5.793743e+02 3.666713e-03
5.790388e+02 3.630854e-03
5.787037e+02 3.595689e-03
5.783690e+02 3.561206e-03
5.780347e+02 3.527396e-03
5.777008e+02 3.494249e-03
5.773672e+02 3.461754e-03
5.770340e+02 3.429901e-03
5.767013e+02 3.398681e-03
5.763689e+02 3.368082e-03
5.760369e+02 3.338097e-03
5.757052e+02 3.308713e-03
5.753740e+02 3.279922e-03
5.750431e+02 3.251714e-03
5.747126e+02 3.224080e-03
5.743825e+02 3.197009e-03
5.740528e+02 3.170492e-03
5.737235e+02 3.144520e-03
5.733945e+02 3.119084e-03
5.730659e+02 3.094174e-03
5.727377e+02 3.069782e-03
5.724098e+02 3.045899e-03
5.720824e+02 3.022515e-03
5.717553e+02 2.999623e-03
5.714286e+02 2.977213e-03
5.711022e+02 2.955278e-03
5.707763e+02 2.933809e-03
5.704507e+02 2.912798e-03
5.701254e+02 2.892238e-03
5.698006e+02 2.872119e-03
5.694761e+02 2.852435e-03
5.691520e+02 2.833178e-03
5.688282e+02 2.814340e-03
5.685048e+02 2.795915e-03
5.681818e+02 2.777895e-03
5.678592e+02 2.760272e-03
5.675369e+02 2.743041e-03
5.672150e+02 2.726194e-03
5.668934e+02 2.709725e-03
5.665722e+02 2.693627e-03
5.662514e+02 2.677893e-03
5.659310e+02 2.662517e-03
5.656109e+02 2.647494e-03
5.652911e+02 2.632817e-03
5.649718e+02 2.618480e-03
5.646527e+02 2.604476e-03
5.643341e+02 2.590803e-03
5.640158e+02 2.577451e-03
5.636979e+02 2.564417e-03
5.633803e+02 2.551695e-03
5.630631e+02 2.539280e-03
5.627462e+02 2.527166e-03
5.624297e+02 2.515349e-03
5.621135e+02 2.503823e-03
5.617978e+02 2.492584e-03
5.614823e+02 2.481627e-03
5.611672e+02 2.470946e-03
5.608525e+02 2.460538e-03
5.605381e+02 2.450398e-03
5.602241e+02 2.440521e-03
5.599104e+02 2.430903e-03
5.595971e+02 2.421541e-03
5.592841e+02 2.412429e-03
5.589715e+02 2.403563e-03
5.586592e+02 2.394940e-03
5.583473e+02 2.386555e-03
5.580357e+02 2.378405e-03
5.577245e+02 2.370486e-03
5.574136e+02 2.362793e-03
5.571031e+02 2.355325e-03
5.567929e+02 2.348076e-03
5.564830e+02 2.341043e-03
5.561735e+02 2.334223e-03
5.558644e+02 2.327613e-03
5.555556e+02 2.321207e-03
5.552471e+02 2.315006e-03
5.549390e+02 2.309003e-03
5.546312e+02 2.303197e-03
5.543237e+02 2.297584e-03
5.540166e+02 2.292160e-03
5.537099e+02 2.286925e-03
5.534034e+02 2.281873e-03
5.530973e+02 2.277002e-03
5.527916e+02 2.272309e-03
5.524862e+02 2.267792e-03
5.521811e+02 2.263447e-03
5.518764e+02 2.259272e-03
5.515720e+02 2.255264e-03
5.512679e+02 2.251420e-03
5.509642e+02 2.247739e-03
5.506608e+02 2.244216e-03
5.503577e+02 2.240851e-03
5.500550e+02 2.237639e-03
5.497526e+02 2.234580e-03
5.494505e+02 2.231669e-03
5.491488e+02 2.228905e-03
5.488474e+02 2.226286e-03
5.485464e+02 2.223808e-03
5.482456e+02 2.221470e-03
5.479452e+02 2.219270e-03
5.476451e+02 2.217204e-03
5.473454e+02 2.215272e-03
5.470460e+02 2.213470e-03
5.467469e+02 2.211796e-03
5.464481e+02 2.210249e-03
5.461496e+02 2.208826e-03
5.458515e+02 2.207524e-03
5.455537e+02 2.206343e-03
5.452563e+02 2.205279e-03
5.449591e+02 2.204331e-03
5.446623e+02 2.203496e-03
5.443658e+02 2.202773e-03
5.440696e+02 2.202160e-03
5.437738e+02 2.201653e-03
5.434783e+02 2.201253e-03
5.431831e+02 2.200955e-03
5.428882e+02 2.200759e-03
5.425936e+02 2.200663e-03
5.422993e+02 2.200665e-03
5.420054e+02 2.200761e-03
5.417118e+02 2.200951e-03
5.414185e+02 2.201234e-03
5.411255e+02 2.201606e-03
5.408329e+02 2.202067e-03
5.405405e+02 2.202613e-03
5.402485e+02 2.203244e-03
5.399568e+02 2.203957e-03
5.396654e+02 2.204751e-03
5.393743e+02 2.205622e-03
5.390836e+02 2.206571e-03
5.387931e+02 2.207595e-03
5.385030e+02 2.208692e-03
5.382131e+02 2.209861e-03
5.379236e+02 2.211098e-03
5.376344e+02 2.212403e-03
5.373455e+02 2.213774e-03
5.370569e+02 2.215209e-03
5.367687e+02 2.216705e-03
5.364807e+02 2.218263e-03
5.361930e+02 2.219878e-03
5.359057e+02 2.221551e-03
5.356186e+02 2.223279e-03
5.353319e+02 2.225058e-03
5.350455e+02 2.226890e-03
5.347594e+02 2.228772e-03
5.344735e+02 2.230700e-03
5.341880e+02 2.232675e-03
5.339028e+02 2.234694e-03
5.336179e+02 2.236755e-03
5.333333e+02 2.238856e-03
5.330490e+02 2.240996e-03
5.327651e+02 2.243173e-03
5.324814e+02 2.245386e-03
5.321980e+02 2.247631e-03
5.319149e+02 2.249908e-03
5.316321e+02 2.252214e-03
5.313496e+02 2.254550e-03
5.310674e+02 2.256910e-03
5.307856e+02 2.259295e-03
5.305040e+02 2.261703e-03
5.302227e+02 2.264132e-03
5.299417e+02 2.266580e-03
5.296610e+02 2.269045e-03
5.293806e+02 2.271526e-03
5.291005e+02 2.274020e-03
5.288207e+02 2.276527e-03
5.285412e+02 2.279043e-03
5.282620e+02 2.281568e-03
5.279831e+02 2.284100e-03
5.277045e+02 2.286636e-03
5.274262e+02 2.289176e-03
5.271481e+02 2.291717e-03
5.268704e+02 2.294258e-03
5.265929e+02 2.296797e-03
5.263158e+02 2.299332e-03
5.260389e+02 2.301862e-03
5.257624e+02 2.304385e-03
5.254861e+02 2.306898e-03
5.252101e+02 2.309402e-03
5.249344e+02 2.311892e-03
5.246590e+02 2.314369e-03
5.243838e+02 2.316830e-03
5.241090e+02 2.319274e-03
5.238345e+02 2.321699e-03
5.235602e+02 2.324103e-03
5.232862e+02 2.326485e-03
5.230126e+02 2.328843e-03
5.227392e+02 2.331175e-03
5.224660e+02 2.333480e-03
5.221932e+02 2.335756e-03
5.219207e+02 2.338003e-03
5.216484e+02 2.340217e-03
5.213764e+02 2.342398e-03
5.211047e+02 2.344544e-03
5.208333e+02 2.346653e-03
5.205622e+02 2.348725e-03
5.202914e+02 2.350757e-03
5.200208e+02 2.352748e-03
5.197505e+02 2.354696e-03
5.194805e+02 2.356601e-03
5.192108e+02 2.358460e-03
5.189414e+02 2.360274e-03
5.186722e+02 2.362038e-03
5.184033e+02 2.363753e-03
5.181347e+02 2.365418e-03
5.178664e+02 2.367031e-03
5.175983e+02 2.368589e-03
5.173306e+02 2.370094e-03
5.170631e+02 2.371542e-03
5.167959e+02 2.372934e-03
5.165289e+02 2.374267e-03
5.162623e+02 2.375541e-03
5.159959e+02 2.376754e-03
5.157298e+02 2.377905e-03
5.154639e+02 2.378994e-03
5.151984e+02 2.380018e-03
5.149331e+02 2.380978e-03
5.146680e+02 2.381871e-03
5.144033e+02 2.382698e-03
5.141388e+02 2.383456e-03
5.138746e+02 2.384146e-03
5.136107e+02 2.384766e-03
5.133470e+02 2.385315e-03
5.130836e+02 2.385793e-03
5.128205e+02 2.386198e-03
5.125577e+02 2.386530e-03
5.122951e+02 2.386789e-03
5.120328e+02 2.386973e-03
5.117707e+02 2.387081e-03
5.115090e+02 2.387114e-03
5.112474e+02 2.387070e-03
5.109862e+02 2.386948e-03
5.107252e+02 2.386750e-03
5.104645e+02 2.386473e-03
5.102041e+02 2.386116e-03
5.099439e+02 2.385681e-03
5.096840e+02 2.385167e-03
5.094244e+02 2.384571e-03
5.091650e+02 2.383895e-03
5.089059e+02 2.383139e-03
5.086470e+02 2.382302e-03
5.083884e+02 2.381383e-03
5.081301e+02 2.380383e-03
5.078720e+02 2.379301e-03
5.076142e+02 2.378136e-03
5.073567e+02 2.376890e-03
5.070994e+02 2.375562e-03
5.068424e+02 2.374150e-03
5.065856e+02 2.372657e-03
5.063291e+02 2.371081e-03
5.060729e+02 2.369423e-03
5.058169e+02 2.367683e-03
5.055612e+02 2.365860e-03
5.053057e+02 2.363955e-03
5.050505e+02 2.361968e-03
5.047956e+02 2.359899e-03
5.045409e+02 2.357748e-03
5.042864e+02 2.355517e-03
5.040323e+02 2.353204e-03
5.037783e+02 2.350810e-03
5.035247e+02 2.348335e-03
5.032713e+02 2.345780e-03
5.030181e+02 2.343146e-03
5.027652e+02 2.340431e-03
5.025126e+02 2.337638e-03
5.022602e+02 2.334766e-03
5.020080e+02 2.331816e-03
5.017561e+02 2.328788e-03
5.015045e+02 2.325683e-03
5.012531e+02 2.322502e-03
5.010020e+02 2.319244e-03
5.007511e+02 2.315911e-03
5.005005e+02 2.312504e-03
5.002501e+02 2.309021e-03
500 2.305466e-03
