0.0 0.07348828762769699  0.10892978310585022 
1.0 0.0514717772603035  0.059568289667367935 
2.0 0.042222749441862106  0.04503489285707474 
3.0 0.03890753537416458  0.03747991472482681 
4.0 0.03772944584488869  0.032910726964473724 
5.0 0.03891557455062866  0.029839975759387016 
6.0 0.033261243253946304  0.02754933014512062 
7.0 0.0280023030936718  0.02555791288614273 
8.0 0.028759391978383064  0.02381015755236149 
9.0 0.029788430780172348  0.02240510657429695 
10.0 0.02320251427590847  0.02120368368923664 
11.0 0.02089856192469597  0.020244576036930084 
12.0 0.02203460782766342  0.019469505175948143 
13.0 0.020135479047894478  0.018601644784212112 
14.0 0.020609023049473763  0.017831027507781982 
15.0 0.020718373358249664  0.017209744080901146 
16.0 0.01803213730454445  0.016584359109401703 
17.0 0.017478231340646744  0.016020653769373894 
18.0 0.0188825111836195  0.015575687400996685 
19.0 0.018671058118343353  0.015132740139961243 
20.0 0.015502739697694778  0.014714500866830349 
21.0 0.014250396750867367  0.014292310923337936 
22.0 0.01616622693836689  0.014019097201526165 
23.0 0.013047236017882824  0.013604109175503254 
24.0 0.013394725508987904  0.013266774825751781 
25.0 0.012667208909988403  0.01307274866849184 
26.0 0.012590982019901276  0.012725263833999634 
27.0 0.012398242019116879  0.012459252029657364 
28.0 0.012915724888443947  0.012234277091920376 
29.0 0.012302991934120655  0.011872824281454086 
30.0 0.01236356608569622  0.011645080521702766 
31.0 0.011862147599458694  0.011361407116055489 
32.0 0.012977836653590202  0.011147701181471348 
33.0 0.011520353145897388  0.010881905443966389 
34.0 0.012251042760908604  0.01071892213076353 
35.0 0.010765288025140762  0.01049508061259985 
36.0 0.011704007163643837  0.010225445032119751 
37.0 0.009947465732693672  0.010016967542469501 
38.0 0.010678759776055813  0.009873565286397934 
39.0 0.011818548664450645  0.009747970849275589 
40.0 0.00983425509184599  0.009507201611995697 
41.0 0.009420430287718773  0.009380705654621124 
42.0 0.009305905550718307  0.009292972274124622 
43.0 0.009450048208236694  0.009106630459427834 
44.0 0.009700251743197441  0.009008610621094704 
45.0 0.009995735250413418  0.008870731107890606 
46.0 0.009118972346186638  0.008704864419996738 
47.0 0.008894956670701504  0.00864918902516365 
48.0 0.009286454878747463  0.008496345020830631 
49.0 0.008969585411250591  0.008432305417954922 
50.0 0.008896852843463421  0.008287019096314907 
51.0 0.008508983068168163  0.008195285685360432 
52.0 0.009101278148591518  0.008051234297454357 
53.0 0.008846072480082512  0.0080569414421916 
54.0 0.008891432546079159  0.00792770180851221 
55.0 0.008491328917443752  0.007857264019548893 
56.0 0.008093882352113724  0.007798712234944105 
57.0 0.008118142373859882  0.007679484318941832 
58.0 0.00788117852061987  0.007640003226697445 
59.0 0.00754791684448719  0.007530889008194208 
60.0 0.007833249866962433  0.0074545093812048435 
61.0 0.007647947408258915  0.007402731571346521 
62.0 0.008184578269720078  0.0073000770062208176 
63.0 0.007445528171956539  0.007302817888557911 
64.0 0.00733264209702611  0.007188699208199978 
65.0 0.007358119357377291  0.007135678082704544 
66.0 0.007215221878141165  0.00706044677644968 
67.0 0.0080584567040205  0.007043210323899984 
68.0 0.007329253479838371  0.006965272594243288 
69.0 0.008352028205990791  0.006940591149032116 
70.0 0.007872676476836205  0.006870051845908165 
71.0 0.007087769918143749  0.006832208950072527 
72.0 0.007407242897897959  0.00673254719004035 
73.0 0.007665837183594704  0.006765691563487053 
74.0 0.0075178625993430614  0.0066193449310958385 
75.0 0.007873623631894588  0.006588914897292852 
76.0 0.007725791074335575  0.006591237615793943 
77.0 0.007532331161201  0.0065182968974113464 
78.0 0.00682430062443018  0.006438025273382664 
79.0 0.008076922036707401  0.006459805648773909 
80.0 0.007418098859488964  0.006363782100379467 
81.0 0.007304727099835873  0.006339005660265684 
82.0 0.006866877898573875  0.006295806262642145 
83.0 0.007215069141238928  0.0062324488535523415 
84.0 0.0074080126360058784  0.006196117028594017 
85.0 0.00708305649459362  0.006152334623038769 
86.0 0.0074427868239581585  0.006122900173068047 
87.0 0.007432986982166767  0.006032194476574659 
88.0 0.007148304488509893  0.006018008571118116 
89.0 0.007217678707093  0.005989016033709049 
90.0 0.007183843292295933  0.005945811979472637 
91.0 0.007637416012585163  0.005888849962502718 
92.0 0.006365961395204067  0.00587445218116045 
93.0 0.006506090052425861  0.005813029129058123 
94.0 0.006283275783061981  0.005738490726798773 
95.0 0.006374715361744165  0.0057490188628435135 
96.0 0.0065422398038208485  0.005684227216988802 
97.0 0.006615071091800928  0.005626990459859371 
98.0 0.006334647070616484  0.0056000216864049435 
99.0 0.006367808673530817  0.005553198046982288 
100.0 0.00630768621340394  0.005540848709642887 
101.0 0.006129770074039698  0.005509930197149515 
102.0 0.006523398216813803  0.005479971878230572 
103.0 0.006024146918207407  0.005482254084199667 
104.0 0.005998008418828249  0.00539895286783576 
105.0 0.005888627376407385  0.005391616839915514 
106.0 0.006047437898814678  0.005347998347133398 
107.0 0.006105153821408749  0.005308079998940229 
108.0 0.006060772575438023  0.005297099240124226 
109.0 0.005867978557944298  0.005255980882793665 
110.0 0.00606166198849678  0.005245267879217863 
111.0 0.005771448835730553  0.005221168510615826 
112.0 0.005669303238391876  0.005204662214964628 
113.0 0.005735920276492834  0.005115596577525139 
114.0 0.006029847078025341  0.0051702638156712055 
115.0 0.005938232876360416  0.0051055485382676125 
116.0 0.005381192080676556  0.005097301676869392 
117.0 0.006203572731465101  0.005085872486233711 
118.0 0.005657798610627651  0.005051849875599146 
119.0 0.00539606437087059  0.005016686860471964 
120.0 0.0054815784096717834  0.005027320701628923 
121.0 0.005903720390051603  0.004969758912920952 
122.0 0.005427153315395117  0.004959841258823872 
123.0 0.005992865655571222  0.004947056528180838 
124.0 0.00535939633846283  0.004926771856844425 
125.0 0.005657512228935957  0.00489215599372983 
126.0 0.005248127039521933  0.004897127393633127 
127.0 0.005447425413876772  0.004876486491411924 
128.0 0.005731540732085705  0.004841339308768511 
129.0 0.00533501198515296  0.004858991596847773 
130.0 0.005130645353347063  0.004826310556381941 
131.0 0.005287500564008951  0.004780660383403301 
132.0 0.00535053014755249  0.004789527039974928 
133.0 0.005419527180492878  0.004755144473165274 
134.0 0.005303063429892063  0.004744911566376686 
135.0 0.005186249502003193  0.004733143374323845 
136.0 0.005073434207588434  0.004715802147984505 
137.0 0.005112908780574799  0.0046852403320372105 
138.0 0.005330038256943226  0.004685689229518175 
139.0 0.004968936555087566  0.004649842623621225 
140.0 0.004923554137349129  0.0046477047726511955 
141.0 0.005013718269765377  0.004640417173504829 
142.0 0.004905959591269493  0.004602782428264618 
143.0 0.004880065564066172  0.004584973677992821 
144.0 0.004770203027874231  0.0045961737632751465 
145.0 0.004755603149533272  0.004582678899168968 
146.0 0.0049133324064314365  0.004555810242891312 
147.0 0.004614205099642277  0.004547634162008762 
148.0 0.004538336303085089  0.004511003382503986 
149.0 0.004656999837607145  0.0045078289695084095 
150.0 0.004519416019320488  0.0045052748173475266 
151.0 0.004754324909299612  0.004487348720431328 
152.0 0.004622635897248983  0.004443815443664789 
153.0 0.004504545591771603  0.004475997760891914 
154.0 0.004584243055433035  0.004443675745278597 
155.0 0.00446607219055295  0.0044142878614366055 
156.0 0.004696048330515623  0.004418089985847473 
157.0 0.004522555973380804  0.004375138320028782 
158.0 0.004636124242097139  0.004402170889079571 
159.0 0.004407936241477728  0.004401064477860928 
160.0 0.0044156694784760475  0.004350920207798481 
161.0 0.0044143288396298885  0.004363971762359142 
162.0 0.004450512118637562  0.004350636154413223 
163.0 0.004665597341954708  0.004335269797593355 
164.0 0.0044698514975607395  0.004311713855713606 
165.0 0.00449777627363801  0.004316849634051323 
166.0 0.0045341202057898045  0.004326774273067713 
167.0 0.004391088150441647  0.004261763766407967 
168.0 0.004436040297150612  0.004313841927796602 
169.0 0.004523858893662691  0.004260921850800514 
170.0 0.004467261489480734  0.004262825474143028 
171.0 0.004504301585257053  0.004245890770107508 
172.0 0.004325831774622202  0.004247316624969244 
173.0 0.004456732887774706  0.004229383077472448 
174.0 0.004394451156258583  0.004239111207425594 
175.0 0.004499081056565046  0.004209642298519611 
176.0 0.004503909964114428  0.004215948283672333 
177.0 0.004439119715243578  0.004193497821688652 
178.0 0.004724713973701  0.004178381059318781 
179.0 0.004258153028786182  0.004186279606074095 
180.0 0.004501663614064455  0.00416558887809515 
181.0 0.004471912514418364  0.0041629718616604805 
182.0 0.004296859260648489  0.004165824968367815 
183.0 0.004333393182605505  0.004168681800365448 
184.0 0.004407379310578108  0.004140981938689947 
185.0 0.004276978317648172  0.004128538072109222 
186.0 0.0042995428666472435  0.004128610249608755 
187.0 0.004357588477432728  0.004122068639844656 
188.0 0.004379917401820421  0.004100520629435778 
189.0 0.004396483767777681  0.004085042513906956 
190.0 0.004302423447370529  0.004070830065757036 
191.0 0.004502512514591217  0.0040725222788751125 
192.0 0.004267836455255747  0.004077357705682516 
193.0 0.004184718243777752  0.004076873417943716 
194.0 0.004214957822114229  0.004065399058163166 
195.0 0.004298349376767874  0.00405878946185112 
196.0 0.00415546540170908  0.0040207514539361 
197.0 0.004249541088938713  0.004041097592562437 
198.0 0.004339113365858793  0.004031796474009752 
199.0 0.004230867605656385  0.004031007643789053 
