0.0 0.017099708318710327  0.058321330696344376 
1.0 0.01611196994781494  0.010572336614131927 
2.0 0.006433616392314434  0.006550140213221312 
3.0 0.006929137744009495  0.005305744241923094 
4.0 0.00696486234664917  0.0045152148231863976 
5.0 0.00640688743442297  0.003935129847377539 
6.0 0.006127266678959131  0.003490719711408019 
7.0 0.006100322585552931  0.0031262654811143875 
8.0 0.004924076609313488  0.0028208678122609854 
9.0 0.0034381903242319822  0.0026101740077137947 
10.0 0.00284319999627769  0.0024209553375840187 
11.0 0.0024997019208967686  0.002241100650280714 
12.0 0.0021665096282958984  0.0020909495651721954 
13.0 0.0019120547221973538  0.001955948071554303 
14.0 0.0019683707505464554  0.0018372124759480357 
15.0 0.0018430643249303102  0.0017418848583474755 
16.0 0.0017347339307889342  0.0016565725672990084 
17.0 0.001539426390081644  0.0015838114777579904 
18.0 0.0015599161852151155  0.0015029767528176308 
19.0 0.0015712013700976968  0.0014369519194588065 
20.0 0.0014997816178947687  0.0013730567879974842 
21.0 0.0015494630206376314  0.0013145612319931388 
22.0 0.0015043503371998668  0.0012591176200658083 
23.0 0.001543745631352067  0.0012115162098780274 
24.0 0.0014614909887313843  0.001168095855973661 
25.0 0.0012827037135139108  0.0011211117962375283 
26.0 0.001251931767910719  0.0010848945239558816 
27.0 0.0011523360153660178  0.0010521429358050227 
28.0 0.0011372340377420187  0.001021372969262302 
29.0 0.0012203867081552744  0.0009808136383071542 
30.0 0.0011313892900943756  0.0009628665866330266 
31.0 0.000997887458652258  0.000935270159970969 
32.0 0.0009527936927042902  0.0009133673156611621 
33.0 0.0010731618385761976  0.0008916872902773321 
34.0 0.0009623028454370797  0.0008606811170466244 
35.0 0.0009695751359686255  0.0008553976658731699 
36.0 0.0009593568975105882  0.0008346022805199027 
37.0 0.0010249050101265311  0.0008126650936901569 
38.0 0.0009957917500287294  0.0007989990408532321 
39.0 0.001103742397390306  0.000781202397774905 
40.0 0.0010230760090053082  0.000768249505199492 
41.0 0.0010105163091793656  0.0007533872267231345 
42.0 0.000995144248008728  0.0007345983176492155 
43.0 0.0009271071758121252  0.0007260939455591142 
44.0 0.0008791870204731822  0.0007082285010255873 
45.0 0.0008576989639550447  0.0007053783047012985 
46.0 0.0008473920170217752  0.0006809924961999059 
47.0 0.0008551517967134714  0.0006873491802252829 
48.0 0.0007881713099777699  0.0006654345197603106 
49.0 0.0007187739247456193  0.0006595724262297153 
50.0 0.0006645678076893091  0.0006488867220468819 
51.0 0.000645530759356916  0.0006340944091789424 
52.0 0.000645626219920814  0.0006303877453319728 
53.0 0.0006242280942387879  0.0006194162997417152 
54.0 0.0006193853332661092  0.0006083555635996163 
55.0 0.0006454079994000494  0.0006053712568245828 
56.0 0.0006483742035925388  0.0005957368412055075 
57.0 0.0006933463155291975  0.0005868346779607236 
58.0 0.0006464148173108697  0.0005786353722214699 
59.0 0.000669614877551794  0.000571320706512779 
60.0 0.0006893356330692768  0.0005637385183945298 
61.0 0.0007073861779645085  0.0005605610203929245 
62.0 0.000717609073035419  0.0005489172181114554 
63.0 0.0007046437240205705  0.0005439632222987711 
64.0 0.0006897846469655633  0.0005363074014894664 
65.0 0.000700746604707092  0.0005320151103660464 
66.0 0.0007101464434526861  0.0005287996609695256 
67.0 0.000694926711730659  0.0005215065903030336 
68.0 0.0006960753817111254  0.0005121348658576608 
69.0 0.000702470715623349  0.0005105577292852104 
70.0 0.0006380805862136185  0.0004998641670681536 
71.0 0.0006157984025776386  0.0004944304237142205 
72.0 0.0007147832657210529  0.0004986509447917342 
73.0 0.0006642437074333429  0.0004887791583314538 
74.0 0.0006930704694241285  0.0004853346908930689 
75.0 0.0007456148159690201  0.00048031023470684886 
76.0 0.0006122965132817626  0.00047035093302838504 
77.0 0.000650606642011553  0.00047509215073660016 
78.0 0.0005804473184980452  0.0004642452113330364 
79.0 0.0006538867019116879  0.00046943596680648625 
80.0 0.0006262478418648243  0.00045687853707931936 
81.0 0.0006366371526382864  0.00045887433225288987 
82.0 0.0006230975268408656  0.0004529150319285691 
83.0 0.0006217059562914073  0.00044822751078754663 
84.0 0.000623719475697726  0.00044295238330960274 
85.0 0.0006151495035737753  0.00043613475281745195 
86.0 0.0005345604731701314  0.0004406756488606334 
87.0 0.0006026633782312274  0.0004278385022189468 
88.0 0.0005939744878560305  0.00042753948946483433 
89.0 0.0005665672942996025  0.0004235737433191389 
90.0 0.0005428210715763271  0.0004196726076770574 
91.0 0.0005424608243629336  0.00041739686275832355 
92.0 0.0005652072723023593  0.0004155923961661756 
93.0 0.0005573700182139874  0.00040976566378958523 
94.0 0.0005479293176904321  0.0004091066657565534 
95.0 0.0005678824381902814  0.00040494478889741004 
96.0 0.0005292147980071604  0.00040042962064035237 
97.0 0.0005458014202304184  0.0003989070828538388 
98.0 0.0005513705546036363  0.00039715904858894646 
99.0 0.0005303067155182362  0.0003928295918740332 
100.0 0.0005162582383491099  0.00038901911466382444 
101.0 0.0005163991008885205  0.0003872030647471547 
102.0 0.0005027271108701825  0.0003842972801066935 
103.0 0.0005039548268541694  0.00037975446321070194 
104.0 0.0004914377932436764  0.0003794421791099012 
105.0 0.0005009042797610164  0.00037764033186249435 
106.0 0.00047538758371956646  0.0003729753661900759 
107.0 0.000476906425319612  0.0003728009178303182 
108.0 0.00046401022700592875  0.00036937210825271904 
109.0 0.00047759347944520414  0.0003678249195218086 
110.0 0.0004650658229365945  0.00036370602902024984 
111.0 0.000474631495308131  0.0003634221793618053 
112.0 0.0004688803746830672  0.0003628992708399892 
113.0 0.000485078344354406  0.00036025154986418784 
114.0 0.0005088217440061271  0.0003596009046304971 
115.0 0.00047166008152998984  0.00035423386725597084 
116.0 0.0005140678840689361  0.0003546757507137954 
117.0 0.0004402136255521327  0.00035085564013570547 
118.0 0.0005043797427788377  0.00035141079570166767 
119.0 0.0004624798893928528  0.00034666905412450433 
120.0 0.00048377367784269154  0.00034326204331591725 
121.0 0.0005031626205891371  0.00034540091292001307 
122.0 0.0005392760504037142  0.000342499406542629 
123.0 0.0004777242720592767  0.0003398570988792926 
124.0 0.0005218161386437714  0.0003405616444069892 
125.0 0.0004932721494697034  0.0003335162764415145 
126.0 0.0005123018636368215  0.00033338728826493025 
127.0 0.0005052023334428668  0.00033132240059785545 
128.0 0.000489592261146754  0.0003302320546936244 
129.0 0.0005017010844312608  0.00032901708618737757 
130.0 0.0005005055572837591  0.0003241506638005376 
131.0 0.00047104901750572026  0.00032062199898064137 
132.0 0.0004759408184327185  0.0003186301328241825 
133.0 0.00047994760097935796  0.0003185622626915574 
134.0 0.0004809110832866281  0.0003180058265570551 
135.0 0.0004727708001155406  0.00031459121964871883 
136.0 0.00044634059304371476  0.0003100126050412655 
137.0 0.00040673601324670017  0.00030986685305833817 
138.0 0.00043223623652011156  0.00030812236946076155 
139.0 0.0004774890257976949  0.0003104267525486648 
140.0 0.00043113960418850183  0.0003057847497984767 
141.0 0.00043567080865614116  0.00030273234006017447 
142.0 0.0004915581084787846  0.00030502272420562804 
143.0 0.00041717765270732343  0.0003001738805323839 
144.0 0.0004462988581508398  0.00029897119384258986 
145.0 0.0005051447660662234  0.0002998732961714268 
146.0 0.000449857470812276  0.0003007934137713164 
147.0 0.0004449741682037711  0.00029578476096503437 
148.0 0.00042257571476511657  0.00029632271616719663 
149.0 0.00047557061770930886  0.00029489220469258726 
150.0 0.00048511289060115814  0.0002956862736027688 
151.0 0.0005090297781862319  0.0002897623635362834 
152.0 0.0004038025508634746  0.0002978186821565032 
153.0 0.0004450517881195992  0.00029005002579651773 
154.0 0.000459775299532339  0.00028809093055315316 
155.0 0.00041487408452667296  0.00028751359786838293 
156.0 0.000451757776318118  0.0002879581006709486 
157.0 0.0004341050807852298  0.0002865824499167502 
158.0 0.0003895879490301013  0.0002883852575905621 
159.0 0.0003638015768956393  0.00028548616683110595 
160.0 0.0004232854989822954  0.00028314112569205463 
161.0 0.00040227192221209407  0.0002824088733177632 
162.0 0.000395462877349928  0.0002797949709929526 
163.0 0.0003953045525122434  0.0002786332624964416 
164.0 0.00037267047446221113  0.0002806986158248037 
165.0 0.00037574063753709197  0.00027844010037370026 
166.0 0.00038613509968854487  0.00027590017998591065 
167.0 0.0004695354145951569  0.00027461934951134026 
168.0 0.00035864420351572335  0.00027700045029632747 
169.0 0.00034994512679986656  0.00027354308986105025 
170.0 0.0003549533139448613  0.00027370729367248714 
171.0 0.00036849299794994295  0.0002708678657654673 
172.0 0.00038675416726619005  0.0002683958737179637 
173.0 0.0003831498615909368  0.00026900527882389724 
174.0 0.00037891347892582417  0.00026908237487077713 
175.0 0.00039350424776785076  0.00026676664128899574 
176.0 0.00036043525324203074  0.0002670659450814128 
177.0 0.0003771964693441987  0.00026622036239132285 
178.0 0.0003937568108085543  0.00026489500305615366 
179.0 0.0003885905316565186  0.0002658564189914614 
180.0 0.00041033682646229863  0.0002619044971652329 
181.0 0.0003902804746758193  0.000261837150901556 
182.0 0.0003772794152610004  0.0002620201848912984 
183.0 0.000410311680752784  0.00025941221974790096 
184.0 0.0003690759767778218  0.0002592689706943929 
185.0 0.0004206484300084412  0.00025879062013700604 
186.0 0.0003596097812987864  0.0002583928289823234 
187.0 0.0004300370055716485  0.0002575381367933005 
188.0 0.00038553023478016257  0.0002576479164417833 
189.0 0.0003874027752317488  0.0002557065454311669 
