0.0 0.0345078706741333  0.08743393421173096 
1.0 0.02452327124774456  0.026242859661579132 
2.0 0.02230684831738472  0.020500263199210167 
3.0 0.01996069960296154  0.017810732126235962 
4.0 0.01829836331307888  0.016186509281396866 
5.0 0.01687912456691265  0.01496365386992693 
6.0 0.0143814068287611  0.013941820710897446 
7.0 0.015134739689528942  0.012980625033378601 
8.0 0.013048602268099785  0.012345263734459877 
9.0 0.013523049652576447  0.011665383353829384 
10.0 0.012828749604523182  0.010998920537531376 
11.0 0.011790672317147255  0.010460388846695423 
12.0 0.009689939208328724  0.010008176788687706 
13.0 0.012754959985613823  0.009672786109149456 
14.0 0.010312006808817387  0.009322963654994965 
15.0 0.011323160491883755  0.008997918106615543 
16.0 0.011232154443860054  0.00869844388216734 
17.0 0.013334264047443867  0.008446576073765755 
18.0 0.013195053674280643  0.008244568482041359 
19.0 0.011941734701395035  0.007990867830812931 
20.0 0.011458929628133774  0.00771856727078557 
21.0 0.007909744046628475  0.007600848563015461 
22.0 0.010293238796293736  0.007331807166337967 
23.0 0.009865431115031242  0.007099870126694441 
24.0 0.00781998410820961  0.0068726916797459126 
25.0 0.008848792873322964  0.006848483346402645 
26.0 0.009289417415857315  0.00664410088211298 
27.0 0.009056906215846539  0.006553016137331724 
28.0 0.00754037220031023  0.006348864175379276 
29.0 0.007579931523650885  0.006282694172114134 
30.0 0.007814275100827217  0.0061250049620866776 
31.0 0.007067418657243252  0.006013792473822832 
32.0 0.007023070007562637  0.005959786009043455 
33.0 0.007976935245096684  0.005802675615996122 
34.0 0.006139514967799187  0.005752492230385542 
35.0 0.006945838686078787  0.005697178188711405 
36.0 0.008204922080039978  0.005637869238853455 
37.0 0.006539579015225172  0.00553765008226037 
38.0 0.005867820233106613  0.0054057626985013485 
39.0 0.006339688785374165  0.00537742767482996 
40.0 0.006714960094541311  0.005274121183902025 
41.0 0.006718549877405167  0.005231992807239294 
42.0 0.005908497609198093  0.0052301958203315735 
43.0 0.005636931862682104  0.005091116297990084 
44.0 0.005568033549934626  0.004967656917870045 
45.0 0.005454447120428085  0.004960613790899515 
46.0 0.005315414164215326  0.004868347197771072 
47.0 0.0055222646333277225  0.004866480827331543 
48.0 0.005648002494126558  0.004800972528755665 
49.0 0.0057087913155555725  0.004709545522928238 
50.0 0.004971382208168507  0.004631884396076202 
51.0 0.005082402378320694  0.004579117987304926 
52.0 0.0049269734881818295  0.004555550403892994 
53.0 0.004550457466393709  0.004518064670264721 
54.0 0.004643871448934078  0.004489733371883631 
55.0 0.0048769135028123856  0.004388404078781605 
56.0 0.004347926937043667  0.004343114793300629 
57.0 0.00410068966448307  0.004283439833670855 
58.0 0.004304889123886824  0.004247264005243778 
59.0 0.00420395378023386  0.0042717307806015015 
60.0 0.004094670992344618  0.0041198162361979485 
61.0 0.00430354755371809  0.004109992180019617 
62.0 0.004843841306865215  0.003988835494965315 
63.0 0.004143087659031153  0.0041043017990887165 
64.0 0.0038460353389382362  0.003914402797818184 
65.0 0.004268292803317308  0.003888437757268548 
66.0 0.0037681583780795336  0.0038743549957871437 
67.0 0.004230870865285397  0.0038033074233680964 
68.0 0.0036924744490534067  0.0038217606488615274 
69.0 0.003893408691510558  0.003743829671293497 
70.0 0.0047329142689704895  0.0036636628210544586 
71.0 0.004155857488512993  0.00358615443110466 
72.0 0.003546691732481122  0.0035912618041038513 
73.0 0.0037847019266337156  0.003489286173135042 
74.0 0.003592017339542508  0.003505868837237358 
75.0 0.003319233888760209  0.003457053331658244 
76.0 0.0037564043886959553  0.003348839934915304 
77.0 0.0032393611036241055  0.003353869542479515 
78.0 0.0039906552992761135  0.003290952881798148 
79.0 0.003384539857506752  0.0032749995589256287 
80.0 0.0029067518189549446  0.003184189321473241 
81.0 0.00298791890963912  0.0031920315232127905 
82.0 0.0036881924606859684  0.003087871242314577 
83.0 0.002761834068223834  0.0031300114933401346 
84.0 0.00283617852255702  0.003076649736613035 
85.0 0.0029611955396831036  0.0030108799692243338 
86.0 0.0030522956512868404  0.0030014850199222565 
87.0 0.0038819301407784224  0.00296287820674479 
88.0 0.0031985698733478785  0.002970530418679118 
89.0 0.0030474872328341007  0.0029100968968123198 
90.0 0.005374274216592312  0.0029284253250807524 
91.0 0.0029403860680758953  0.002850903430953622 
92.0 0.0028016918804496527  0.0028099112678319216 
93.0 0.003703978843986988  0.0027658476028591394 
94.0 0.00321638653986156  0.002828021766617894 
95.0 0.0024102581664919853  0.002715854439884424 
96.0 0.003250286914408207  0.002725926460698247 
97.0 0.0025465884245932102  0.002679771976545453 
98.0 0.0031139496713876724  0.0026946498546749353 
99.0 0.0027058077976107597  0.0026593483053147793 
100.0 0.00227844575420022  0.002652633236721158 
101.0 0.0032196235843002796  0.002602972090244293 
102.0 0.0029388105031102896  0.0026208667550235987 
103.0 0.002945900661870837  0.002593069104477763 
104.0 0.002271633828058839  0.002570347161963582 
105.0 0.002240060828626156  0.00259123626165092 
106.0 0.0025713955983519554  0.0025258674286305904 
107.0 0.0029796853195875883  0.002472102642059326 
108.0 0.0022871175315231085  0.0024871837813407183 
109.0 0.0030098517891019583  0.0024548389483243227 
110.0 0.003605661680921912  0.0024746963754296303 
111.0 0.0031676350627094507  0.002438177354633808 
112.0 0.0022334824316203594  0.0024056718684732914 
113.0 0.0031121717765927315  0.002445824444293976 
114.0 0.0027612727135419846  0.0024033247027546167 
115.0 0.002068345667794347  0.002417222363874316 
116.0 0.004126576241105795  0.002353393705561757 
117.0 0.002594111720100045  0.002322116168215871 
118.0 0.0024714707396924496  0.0023384469095617533 
119.0 0.003044688142836094  0.002327101770788431 
120.0 0.002773989923298359  0.002319491468369961 
121.0 0.0021164428908377886  0.0022779307328164577 
122.0 0.0023888626601547003  0.002305464819073677 
123.0 0.002354617929086089  0.002292265649884939 
124.0 0.002562431851401925  0.0022700887639075518 
125.0 0.0018762365216389298  0.002233740407973528 
126.0 0.0018904859898611903  0.0022436496801674366 
127.0 0.002210770035162568  0.002206980949267745 
128.0 0.0024722940288484097  0.0022244458086788654 
129.0 0.0028088411781936884  0.0021673154551535845 
130.0 0.0023801042698323727  0.0022149572614580393 
131.0 0.002211875282227993  0.0021343447733670473 
132.0 0.0030931050423532724  0.0021343170665204525 
133.0 0.002714107045903802  0.002184858312830329 
134.0 0.0026590891648083925  0.002153033157810569 
135.0 0.002460954012349248  0.0021422929130494595 
136.0 0.0019135498441755772  0.0021300623193383217 
137.0 0.0025282781571149826  0.0020932636689394712 
138.0 0.0022019934840500355  0.002097643446177244 
139.0 0.0027623369824141264  0.002112224232405424 
140.0 0.002511443104594946  0.0021289701107889414 
141.0 0.0025213793851435184  0.002017587423324585 
142.0 0.0024731536395847797  0.0020342590287327766 
143.0 0.0028849015943706036  0.0020257120486348867 
144.0 0.002202495699748397  0.002060072496533394 
145.0 0.003191558877006173  0.00199795700609684 
