0.0 0.08264251053333282  0.15778379142284393 
1.0 0.04717067629098892  0.060601476579904556 
2.0 0.04023287445306778  0.04186912998557091 
3.0 0.03246679529547691  0.033366210758686066 
4.0 0.030307194218039513  0.028747478500008583 
5.0 0.027305977419018745  0.025295089930295944 
6.0 0.023766037076711655  0.02312002144753933 
7.0 0.020802894607186317  0.021545354276895523 
8.0 0.019178085029125214  0.020142555236816406 
9.0 0.01781400479376316  0.018648745492100716 
10.0 0.017125017940998077  0.017461569979786873 
11.0 0.01649118773639202  0.01670636050403118 
12.0 0.016237745061516762  0.016126099973917007 
13.0 0.015894681215286255  0.01569361798465252 
14.0 0.01617300510406494  0.015349060297012329 
15.0 0.01612180471420288  0.015040948055684566 
16.0 0.015221255831420422  0.01473910640925169 
17.0 0.014413674362003803  0.014454717747867107 
18.0 0.015372522175312042  0.0141414450481534 
19.0 0.01611919514834881  0.013825052417814732 
20.0 0.013234629295766354  0.013380869291722775 
21.0 0.01447990071028471  0.012843037024140358 
22.0 0.015429786406457424  0.012372788041830063 
23.0 0.011360078118741512  0.011906487867236137 
24.0 0.013550537638366222  0.011481192894279957 
25.0 0.010912123136222363  0.011149624362587929 
26.0 0.010326315648853779  0.010701031424105167 
27.0 0.010247279889881611  0.010418946854770184 
28.0 0.010290687903761864  0.010147638618946075 
29.0 0.01110917143523693  0.00993132870644331 
30.0 0.013861306011676788  0.00946038868278265 
31.0 0.009016422554850578  0.009350371547043324 
32.0 0.009294525720179081  0.009026839397847652 
33.0 0.013055026531219482  0.009794565849006176 
34.0 0.011721314862370491  0.01144678145647049 
35.0 0.01293726172298193  0.010619133710861206 
36.0 0.010013784281909466  0.010436397977173328 
37.0 0.009526019915938377  0.009977278299629688 
38.0 0.009207649156451225  0.009545893408358097 
39.0 0.008871124126017094  0.009043716825544834 
40.0 0.009758148342370987  0.008595331571996212 
41.0 0.008446713909506798  0.008195565082132816 
42.0 0.008355516009032726  0.007914761081337929 
43.0 0.007402590475976467  0.0075707631185650826 
44.0 0.007023815996944904  0.007370089180767536 
45.0 0.0072367070242762566  0.007178479805588722 
46.0 0.007979018613696098  0.006977087818086147 
47.0 0.00754088768735528  0.006801389157772064 
48.0 0.007986933924257755  0.006699106656014919 
49.0 0.008376589976251125  0.0066040679812431335 
50.0 0.008058634586632252  0.006472489330917597 
51.0 0.007294209208339453  0.006413859780877829 
52.0 0.006819544360041618  0.00623059319332242 
53.0 0.006500183138996363  0.00614576693624258 
54.0 0.006116003263741732  0.006082624662667513 
55.0 0.0062528811395168304  0.0060029588639736176 
56.0 0.006073004100471735  0.005926994606852531 
57.0 0.005992847494781017  0.005828002467751503 
58.0 0.005893711932003498  0.005728430580347776 
59.0 0.006080654915422201  0.005667342804372311 
60.0 0.005634279455989599  0.0056088147684931755 
61.0 0.005634821951389313  0.005509391892701387 
62.0 0.005168943665921688  0.005444683600217104 
63.0 0.005120348185300827  0.005353250075131655 
64.0 0.005194474011659622  0.005312604364007711 
65.0 0.005421795416623354  0.00524827791377902 
66.0 0.005138436332345009  0.005157943349331617 
67.0 0.0048066857270896435  0.005108837503939867 
68.0 0.005137044470757246  0.005039835814386606 
69.0 0.005329785868525505  0.004978746175765991 
70.0 0.004906399641185999  0.004922928754240274 
71.0 0.00529170548543334  0.004893828649073839 
72.0 0.005186812952160835  0.0048166196793317795 
73.0 0.004614942241460085  0.004768949933350086 
74.0 0.005079604685306549  0.004732055123895407 
75.0 0.004518382251262665  0.004637894686311483 
76.0 0.004790445324033499  0.004590850789099932 
77.0 0.00441939989104867  0.004574639722704887 
78.0 0.0043162149377167225  0.00452787522226572 
79.0 0.004674166440963745  0.004478923976421356 
80.0 0.004255416803061962  0.004437319003045559 
81.0 0.00434541329741478  0.0043680863454937935 
82.0 0.004320360720157623  0.004328252747654915 
83.0 0.004257688764482737  0.004284159746021032 
84.0 0.004503112286329269  0.0042483750730752945 
85.0 0.004256861284375191  0.0041940524242818356 
86.0 0.004107143264263868  0.004133771639317274 
87.0 0.004009288270026445  0.00411063339561224 
88.0 0.003879799973219633  0.00406908942386508 
89.0 0.0043299379758536816  0.0040284087881445885 
90.0 0.004096295218914747  0.003988686483353376 
91.0 0.004065352492034435  0.003955131396651268 
92.0 0.0039425743743777275  0.0039000697433948517 
93.0 0.003889596089720726  0.0038713726680725813 
94.0 0.003967912867665291  0.0038223022129386663 
95.0 0.0036078421398997307  0.0037773812655359507 
96.0 0.003983550239354372  0.003743467852473259 
97.0 0.0037322062999010086  0.00370566314086318 
98.0 0.0036373615730553865  0.0036780252121388912 
99.0 0.0037138157058507204  0.0036266932729631662 
100.0 0.003656117245554924  0.003576817223802209 
101.0 0.003500785445794463  0.0035531464964151382 
102.0 0.0034893385600298643  0.0035069931764155626 
103.0 0.003433241741731763  0.0034804223105311394 
104.0 0.00328663713298738  0.003449714742600918 
105.0 0.0033446263987571  0.0034199459478259087 
106.0 0.0032972581684589386  0.0033829528838396072 
107.0 0.0032107275910675526  0.0033524928148835897 
108.0 0.0031401445157825947  0.003307957435026765 
109.0 0.0031059414613991976  0.003297902178019285 
110.0 0.0030637788586318493  0.0032394679728895426 
111.0 0.0030471475329250097  0.0032236690167337656 
112.0 0.0029584793373942375  0.003197335870936513 
113.0 0.0032075303606688976  0.0031959060579538345 
114.0 0.0029079739470034838  0.0031343481969088316 
115.0 0.0029962712433189154  0.003111213678494096 
116.0 0.0031387426424771547  0.0030881972052156925 
117.0 0.0027010219637304544  0.0030519338324666023 
118.0 0.0028662835247814655  0.0030164544004946947 
119.0 0.0028045373037457466  0.002985384315252304 
120.0 0.0027074457611888647  0.0029853435698896646 
121.0 0.0026364095974713564  0.0029359583277255297 
122.0 0.0025314080994576216  0.002897064434364438 
123.0 0.0025242511183023453  0.0028680823743343353 
124.0 0.0025271635968238115  0.0028326294850558043 
125.0 0.0024693566374480724  0.0028224054258316755 
126.0 0.002408932661637664  0.002770389895886183 
127.0 0.0025183293037116528  0.0027309574652463198 
128.0 0.0023712513502687216  0.0027249539270997047 
129.0 0.0023526381701231003  0.0027109337970614433 
130.0 0.002376118442043662  0.002652134746313095 
131.0 0.002297968603670597  0.0026328768581151962 
132.0 0.0022088431287556887  0.0026014691684395075 
133.0 0.0021521071903407574  0.0025776198599487543 
134.0 0.0023170639760792255  0.0025375462137162685 
135.0 0.002251629251986742  0.002559066517278552 
136.0 0.0020167920738458633  0.002525751944631338 
137.0 0.00240551820024848  0.002446467988193035 
138.0 0.002303829649463296  0.0024514510296285152 
139.0 0.0028247726149857044  0.0024020110722631216 
140.0 0.0036693578585982323  0.0024661882780492306 
141.0 0.0023413205053657293  0.0023580670822411776 
142.0 0.0029677730053663254  0.0024083624593913555 
143.0 0.0021860385313630104  0.002348085632547736 
144.0 0.0029015347827225924  0.002369923749938607 
145.0 0.00206061196513474  0.0022304838057607412 
146.0 0.003404104383662343  0.002278496976941824 
147.0 0.003761336673051119  0.0021878688130527735 
148.0 0.0029014311730861664  0.0022315382957458496 
149.0 0.0016835248097777367  0.0021782417315989733 
150.0 0.0030460800044238567  0.002153043169528246 
151.0 0.003981275949627161  0.0021899989806115627 
152.0 0.003681948408484459  0.0021062169689685106 
153.0 0.0031001968309283257  0.0021924246102571487 
154.0 0.0036692912690341473  0.0021190119441598654 
155.0 0.00376913882791996  0.002115206327289343 
156.0 0.0021818620152771473  0.002127094427123666 
157.0 0.0018950882367789745  0.002052123425528407 
158.0 0.004286265000700951  0.0020401119254529476 
159.0 0.003178679384291172  0.002071521943435073 
160.0 0.0017756001325324178  0.0020203636959195137 
161.0 0.0025482317432761192  0.0019904591608792543 
162.0 0.001577303628437221  0.002037974074482918 
163.0 0.00243670423515141  0.0020177545957267284 
164.0 0.0021160654723644257  0.002136019291356206 
165.0 0.0035218948032706976  0.002141261473298073 
166.0 0.0035570168402045965  0.002007598988711834 
167.0 0.001683281036093831  0.002039141021668911 
168.0 0.002610035939142108  0.0019002467161044478 
169.0 0.0017035910859704018  0.0019720715936273336 
170.0 0.002434028312563896  0.0019256724044680595 
171.0 0.0031626007985323668  0.0019189988961443305 
172.0 0.0031751629430800676  0.001987916650250554 
173.0 0.0023256002459675074  0.0018530002562329173 
174.0 0.002154674381017685  0.0019782076124101877 
175.0 0.0020550552289932966  0.0018948018550872803 
176.0 0.0023340419866144657  0.002152696019038558 
177.0 0.0020915712229907513  0.0019729004707187414 
178.0 0.0027351798489689827  0.0018961852183565497 
179.0 0.0023221271112561226  0.0018205922096967697 
180.0 0.0026650256477296352  0.0020659472793340683 
181.0 0.0030878488905727863  0.001994895515963435 
182.0 0.0019180639646947384  0.0019391030073165894 
