1100 -20.415
1099.3 -20.383
1098.6 -20.351
1097.9 -20.32
1097.2 -20.288
1096.5 -20.257
1095.8 -20.225
1095.1 -20.194
1094.4 -20.162
1093.7 -20.131
1093 -20.099
1092.3 -20.068
1091.6 -20.037
1090.9 -20.005
1090.2 -19.974
1089.5 -19.943
1088.8 -19.911
1088.1 -19.88
1087.4 -19.849
1086.7 -19.817
1086 -19.786
1085.3 -19.755
1084.6 -19.724
1083.9 -19.693
1083.2 -19.661
1082.5 -19.63
1081.8 -19.599
1081.1 -19.568
1080.4 -19.537
1079.7 -19.506
1079 -19.475
1078.3 -19.444
1077.6 -19.413
1076.8 -19.382
1076.1 -19.351
1075.4 -19.32
1074.7 -19.289
1074 -19.258
1073.3 -19.227
1072.6 -19.196
1071.9 -19.165
1071.2 -19.134
1070.5 -19.103
1069.8 -19.072
1069.1 -19.042
1068.4 -19.011
1067.7 -18.98
1067 -18.949
1066.3 -18.918
1065.6 -18.888
1064.9 -18.857
1064.2 -18.826
1063.5 -18.796
1062.8 -18.765
1062.1 -18.734
1061.4 -18.704
1060.7 -18.673
1060 -18.643
1059.3 -18.612
1058.6 -18.581
1057.9 -18.551
1057.2 -18.52
1056.5 -18.49
1055.8 -18.459
1055.1 -18.429
1054.4 -18.399
1053.7 -18.368
1053 -18.338
1052.3 -18.307
1051.6 -18.277
1050.9 -18.247
1050.2 -18.216
1049.5 -18.186
1048.8 -18.156
1048.1 -18.125
1047.4 -18.095
1046.7 -18.065
1046 -18.035
1045.3 -18.004
1044.6 -17.974
1043.9 -17.944
1043.2 -17.914
1042.5 -17.884
1041.8 -17.854
1041.1 -17.824
1040.4 -17.793
1039.7 -17.763
1039 -17.733
1038.3 -17.703
1037.6 -17.673
1036.9 -17.643
1036.2 -17.613
1035.5 -17.583
1034.8 -17.553
1034.1 -17.524
1033.4 -17.494
1032.7 -17.464
1032 -17.434
1031.3 -17.404
1030.6 -17.374
1029.9 -17.344
1029.2 -17.315
1028.5 -17.285
1027.8 -17.255
1027.1 -17.225
1026.4 -17.196
1025.7 -17.166
1025 -17.136
1024.3 -17.107
1023.6 -17.077
1022.9 -17.047
1022.2 -17.018
1021.5 -16.988
1020.8 -16.958
1020.1 -16.929
1019.4 -16.899
1018.7 -16.87
1018 -16.84
1017.3 -16.811
1016.6 -16.781
1015.9 -16.752
1015.2 -16.722
1014.5 -16.693
1013.8 -16.664
1013.1 -16.634
1012.4 -16.605
1011.7 -16.576
1011 -16.546
1010.3 -16.517
1009.6 -16.488
1008.9 -16.458
1008.2 -16.429
1007.5 -16.4
1006.8 -16.371
1006.1 -16.341
1005.4 -16.312
1004.7 -16.283
1004 -16.254
1003.3 -16.225
1002.6 -16.196
1001.9 -16.167
1001.2 -16.137
1000.5 -16.108
999.77 -16.079
999.07 -16.05
998.37 -16.021
997.67 -15.992
996.97 -15.963
996.27 -15.934
995.57 -15.905
994.87 -15.877
994.17 -15.848
993.47 -15.819
992.77 -15.79
992.07 -15.761
991.37 -15.732
990.67 -15.703
989.97 -15.675
989.26 -15.646
988.56 -15.617
987.86 -15.588
987.16 -15.56
986.46 -15.531
985.76 -15.502
985.06 -15.474
984.36 -15.445
983.66 -15.416
982.96 -15.388
982.26 -15.359
981.56 -15.331
980.86 -15.302
980.16 -15.273
979.45 -15.245
978.75 -15.216
978.05 -15.188
977.35 -15.159
976.65 -15.131
975.95 -15.103
975.25 -15.074
974.55 -15.046
973.85 -15.017
973.15 -14.989
972.45 -14.961
971.75 -14.932
971.05 -14.904
970.35 -14.876
969.65 -14.847
968.94 -14.819
968.24 -14.791
967.54 -14.763
966.84 -14.735
966.14 -14.706
965.44 -14.678
964.74 -14.65
964.04 -14.622
963.34 -14.594
962.64 -14.566
961.94 -14.538
961.24 -14.51
960.54 -14.482
959.84 -14.454
959.14 -14.426
958.43 -14.398
957.73 -14.37
957.03 -14.342
956.33 -14.314
955.63 -14.286
954.93 -14.258
954.23 -14.23
953.53 -14.202
952.83 -14.174
952.13 -14.146
951.43 -14.119
950.73 -14.091
950.03 -14.063
949.33 -14.035
948.62 -14.008
947.92 -13.98
947.22 -13.952
946.52 -13.924
945.82 -13.897
945.12 -13.869
944.42 -13.842
943.72 -13.814
943.02 -13.786
942.32 -13.759
941.62 -13.731
940.92 -13.704
940.22 -13.676
939.52 -13.649
938.82 -13.621
938.11 -13.594
937.41 -13.566
936.71 -13.539
936.01 -13.511
935.31 -13.484
934.61 -13.457
933.91 -13.429
933.21 -13.402
932.51 -13.374
931.81 -13.347
931.11 -13.32
930.41 -13.293
929.71 -13.265
929.01 -13.238
928.3 -13.211
927.6 -13.184
926.9 -13.157
926.2 -13.129
925.5 -13.102
924.8 -13.075
924.1 -13.048
923.4 -13.021
922.7 -12.994
922 -12.967
921.3 -12.94
920.6 -12.913
919.9 -12.886
919.2 -12.859
918.5 -12.832
917.79 -12.805
917.09 -12.778
916.39 -12.751
915.69 -12.724
914.99 -12.697
914.29 -12.67
913.59 -12.643
912.89 -12.616
912.19 -12.59
911.49 -12.563
910.79 -12.536
910.09 -12.509
909.39 -12.483
908.69 -12.456
907.99 -12.429
907.28 -12.402
906.58 -12.376
905.88 -12.349
905.18 -12.322
904.48 -12.296
903.78 -12.269
903.08 -12.243
902.38 -12.216
901.68 -12.19
900.98 -12.163
900.28 -12.136
899.58 -12.11
898.88 -12.084
898.18 -12.057
897.47 -12.031
896.77 -12.004
896.07 -11.978
895.37 -11.951
894.67 -11.925
893.97 -11.899
893.27 -11.872
892.57 -11.846
891.87 -11.82
891.17 -11.793
890.47 -11.767
889.77 -11.741
889.07 -11.715
888.37 -11.688
887.67 -11.662
886.96 -11.636
886.26 -11.61
885.56 -11.584
884.86 -11.558
884.16 -11.531
883.46 -11.505
882.76 -11.479
882.06 -11.453
881.36 -11.427
880.66 -11.401
879.96 -11.375
879.26 -11.349
878.56 -11.323
877.86 -11.297
877.16 -11.271
876.45 -11.245
875.75 -11.22
875.05 -11.194
874.35 -11.168
873.65 -11.142
872.95 -11.116
872.25 -11.09
871.55 -11.064
870.85 -11.039
870.15 -11.013
869.45 -10.987
868.75 -10.961
868.05 -10.936
867.35 -10.91
866.64 -10.884
865.94 -10.859
865.24 -10.833
864.54 -10.807
863.84 -10.782
863.14 -10.756
862.44 -10.731
861.74 -10.705
861.04 -10.68
860.34 -10.654
859.64 -10.629
858.94 -10.603
858.24 -10.578
857.54 -10.552
856.84 -10.527
856.13 -10.501
855.43 -10.476
854.73 -10.451
854.03 -10.425
853.33 -10.4
852.63 -10.375
851.93 -10.349
851.23 -10.324
850.53 -10.299
849.83 -10.273
849.13 -10.248
848.43 -10.223
847.73 -10.198
847.03 -10.173
846.33 -10.147
845.62 -10.122
844.92 -10.097
844.22 -10.072
843.52 -10.047
842.82 -10.022
842.12 -9.9967
841.42 -9.9716
840.72 -9.9466
840.02 -9.9216
839.32 -9.8966
838.62 -9.8716
837.92 -9.8466
837.22 -9.8217
836.52 -9.7967
835.81 -9.7718
835.11 -9.7469
834.41 -9.722
833.71 -9.6972
833.01 -9.6723
832.31 -9.6475
831.61 -9.6227
830.91 -9.5979
830.21 -9.5731
829.51 -9.5484
828.81 -9.5236
828.11 -9.4989
827.41 -9.4742
826.71 -9.4495
826.01 -9.4248
825.3 -9.4001
824.6 -9.3755
823.9 -9.3509
823.2 -9.3263
822.5 -9.3017
821.8 -9.2771
821.1 -9.2526
820.4 -9.228
819.7 -9.2035
819 -9.179
818.3 -9.1545
817.6 -9.13
816.9 -9.1056
816.2 -9.0811
815.49 -9.0567
814.79 -9.0323
814.09 -9.0079
813.39 -8.9835
812.69 -8.9592
811.99 -8.9349
811.29 -8.9105
810.59 -8.8862
809.89 -8.8619
809.19 -8.8377
808.49 -8.8134
807.79 -8.7892
807.09 -8.765
806.39 -8.7408
805.69 -8.7166
804.98 -8.6924
804.28 -8.6683
803.58 -8.6441
802.88 -8.62
802.18 -8.5959
801.48 -8.5718
800.78 -8.5478
800.08 -8.5237
799.38 -8.4997
798.68 -8.4756
797.98 -8.4516
797.28 -8.4277
796.58 -8.4037
795.88 -8.3797
795.18 -8.3558
794.47 -8.3319
793.77 -8.308
793.07 -8.2841
792.37 -8.2602
791.67 -8.2364
790.97 -8.2125
790.27 -8.1887
789.57 -8.1649
788.87 -8.1411
788.17 -8.1174
787.47 -8.0936
786.77 -8.0699
786.07 -8.0462
785.37 -8.0225
784.66 -7.9988
783.96 -7.9751
783.26 -7.9515
782.56 -7.9278
781.86 -7.9042
781.16 -7.8806
780.46 -7.857
779.76 -7.8334
779.06 -7.8099
778.36 -7.7863
777.66 -7.7628
776.96 -7.7393
776.26 -7.7158
775.56 -7.6924
774.86 -7.6689
774.15 -7.6455
773.45 -7.622
772.75 -7.5986
772.05 -7.5752
771.35 -7.5519
770.65 -7.5285
769.95 -7.5052
769.25 -7.4818
768.55 -7.4585
767.85 -7.4352
767.15 -7.4119
766.45 -7.3887
765.75 -7.3654
765.05 -7.3422
764.35 -7.319
763.64 -7.2958
762.94 -7.2726
762.24 -7.2495
761.54 -7.2263
760.84 -7.2032
760.14 -7.1801
759.44 -7.157
758.74 -7.1339
758.04 -7.1108
757.34 -7.0877
756.64 -7.0647
755.94 -7.0417
755.24 -7.0187
754.54 -6.9957
753.83 -6.9727
753.13 -6.9498
752.43 -6.9268
751.73 -6.9039
751.03 -6.881
750.33 -6.8581
749.63 -6.8352
748.93 -6.8124
748.23 -6.7895
747.53 -6.7667
746.83 -6.7439
746.13 -6.7211
745.43 -6.6983
744.73 -6.6755
744.03 -6.6528
743.32 -6.63
742.62 -6.6073
741.92 -6.5846
741.22 -6.5619
740.52 -6.5392
739.82 -6.5166
739.12 -6.4939
738.42 -6.4713
737.72 -6.4487
737.02 -6.4261
736.32 -6.4035
735.62 -6.381
734.92 -6.3584
734.22 -6.3359
733.52 -6.3134
732.81 -6.2909
732.11 -6.2684
731.41 -6.2459
730.71 -6.2234
730.01 -6.201
729.31 -6.1786
728.61 -6.1562
727.91 -6.1338
727.21 -6.1114
726.51 -6.089
725.81 -6.0667
725.11 -6.0443
724.41 -6.022
723.71 -5.9997
723 -5.9774
722.3 -5.9552
721.6 -5.9329
720.9 -5.9107
720.2 -5.8884
719.5 -5.8662
718.8 -5.844
718.1 -5.8218
717.4 -5.7997
716.7 -5.7775
716 -5.7554
715.3 -5.7333
714.6 -5.7111
713.9 -5.689
713.2 -5.667
712.49 -5.6449
711.79 -5.6229
711.09 -5.6008
710.39 -5.5788
709.69 -5.5568
708.99 -5.5348
708.29 -5.5128
707.59 -5.4909
706.89 -5.4689
706.19 -5.447
705.49 -5.4251
704.79 -5.4032
704.09 -5.3813
703.39 -5.3594
702.69 -5.3376
701.98 -5.3157
701.28 -5.2939
700.58 -5.2721
699.88 -5.2503
699.18 -5.2285
698.48 -5.2067
697.78 -5.185
697.08 -5.1632
696.38 -5.1415
695.68 -5.1198
694.98 -5.0981
694.28 -5.0764
693.58 -5.0547
692.88 -5.0331
692.17 -5.0114
691.47 -4.9898
690.77 -4.9682
690.07 -4.9466
689.37 -4.925
688.67 -4.9034
687.97 -4.8818
687.27 -4.8603
686.57 -4.8388
685.87 -4.8173
685.17 -4.7957
684.47 -4.7743
683.77 -4.7528
683.07 -4.7313
682.37 -4.7099
681.66 -4.6884
680.96 -4.667
680.26 -4.6456
679.56 -4.6242
678.86 -4.6028
678.16 -4.5815
677.46 -4.5601
676.76 -4.5388
676.06 -4.5175
675.36 -4.4961
674.66 -4.4748
673.96 -4.4536
673.26 -4.4323
672.56 -4.411
671.85 -4.3898
671.15 -4.3685
670.45 -4.3473
669.75 -4.3261
669.05 -4.3049
668.35 -4.2837
667.65 -4.2626
666.95 -4.2414
666.25 -4.2203
665.55 -4.1992
664.85 -4.178
664.15 -4.1569
663.45 -4.1359
662.75 -4.1148
662.05 -4.0937
661.34 -4.0727
660.64 -4.0516
659.94 -4.0306
659.24 -4.0096
658.54 -3.9886
657.84 -3.9676
657.14 -3.9466
656.44 -3.9257
655.74 -3.9047
655.04 -3.8838
654.34 -3.8629
653.64 -3.8419
652.94 -3.821
652.24 -3.8001
651.54 -3.7793
650.83 -3.7584
650.13 -3.7376
649.43 -3.7167
648.73 -3.6959
648.03 -3.6751
647.33 -3.6543
646.63 -3.6335
645.93 -3.6127
645.23 -3.5919
644.53 -3.5712
643.83 -3.5504
643.13 -3.5297
642.43 -3.509
641.73 -3.4883
641.02 -3.4676
640.32 -3.4469
639.62 -3.4262
638.92 -3.4056
638.22 -3.3849
637.52 -3.3643
636.82 -3.3436
636.12 -3.323
635.42 -3.3024
634.72 -3.2818
634.02 -3.2612
633.32 -3.2407
632.62 -3.2201
631.92 -3.1995
631.22 -3.179
630.51 -3.1585
629.81 -3.1379
629.11 -3.1174
628.41 -3.0969
627.71 -3.0765
627.01 -3.056
626.31 -3.0355
625.61 -3.0151
624.91 -2.9946
624.21 -2.9742
623.51 -2.9538
622.81 -2.9333
622.11 -2.9129
621.41 -2.8925
620.71 -2.8722
620 -2.8518
619.3 -2.8314
618.6 -2.8111
617.9 -2.7907
617.2 -2.7704
616.5 -2.7501
615.8 -2.7298
615.1 -2.7095
614.4 -2.6892
613.7 -2.6689
613 -2.6486
612.3 -2.6283
611.6 -2.6081
610.9 -2.5878
610.19 -2.5676
609.49 -2.5474
608.79 -2.5271
608.09 -2.5069
607.39 -2.4867
606.69 -2.4665
605.99 -2.4464
605.29 -2.4262
604.59 -2.406
603.89 -2.3858
603.19 -2.3657
602.49 -2.3456
601.79 -2.3254
601.09 -2.3053
600.39 -2.2852
599.68 -2.2651
598.98 -2.245
598.28 -2.2249
597.58 -2.2048
596.88 -2.1847
596.18 -2.1646
595.48 -2.1446
594.78 -2.1245
594.08 -2.1045
593.38 -2.0845
592.68 -2.0644
591.98 -2.0444
591.28 -2.0244
590.58 -2.0044
589.88 -1.9844
589.17 -1.9644
588.47 -1.9444
587.77 -1.9244
587.07 -1.9044
586.37 -1.8845
585.67 -1.8645
584.97 -1.8445
584.27 -1.8246
583.57 -1.8047
582.87 -1.7847
582.17 -1.7648
581.47 -1.7449
580.77 -1.725
580.07 -1.705
579.36 -1.6851
578.66 -1.6652
577.96 -1.6453
577.26 -1.6255
576.56 -1.6056
575.86 -1.5857
575.16 -1.5658
574.46 -1.546
573.76 -1.5261
573.06 -1.5062
572.36 -1.4864
571.66 -1.4665
570.96 -1.4467
570.26 -1.4268
569.56 -1.407
568.85 -1.3872
568.15 -1.3674
567.45 -1.3475
566.75 -1.3277
566.05 -1.3079
565.35 -1.2881
564.65 -1.2683
563.95 -1.2485
563.25 -1.2287
562.55 -1.2089
561.85 -1.1891
561.15 -1.1693
560.45 -1.1495
559.75 -1.1297
559.04 -1.11
558.34 -1.0902
557.64 -1.0704
556.94 -1.0506
556.24 -1.0309
555.54 -1.0111
554.84 -0.99132
554.14 -0.97155
553.44 -0.95179
552.74 -0.93202
552.04 -0.91226
551.34 -0.8925
550.64 -0.87275
549.94 -0.85299
549.24 -0.83323
548.53 -0.81348
547.83 -0.79372
547.13 -0.77397
546.43 -0.75421
545.73 -0.73446
545.03 -0.71471
544.33 -0.69495
543.63 -0.6752
542.93 -0.65545
542.23 -0.63569
541.53 -0.61594
540.83 -0.59618
540.13 -0.57642
539.43 -0.55667
538.73 -0.53691
538.02 -0.51715
537.32 -0.49739
536.62 -0.47762
535.92 -0.45786
535.22 -0.43809
534.52 -0.41832
533.82 -0.39854
533.12 -0.37877
532.42 -0.35899
531.72 -0.33921
531.02 -0.31943
530.32 -0.29964
529.62 -0.27985
528.92 -0.26006
528.21 -0.24026
527.51 -0.22046
526.81 -0.20065
526.11 -0.18084
525.41 -0.16102
524.71 -0.1412
524.01 -0.12138
523.31 -0.10155
522.61 -0.081713
521.91 -0.061872
521.21 -0.042025
520.51 -0.022172
519.81 -0.0023135
519.11 0.017552
518.41 0.037423
517.7 0.057302
517 0.077188
516.3 0.09708
515.6 0.11698
514.9 0.13689
514.2 0.1568
513.5 0.17673
512.8 0.19666
512.1 0.2166
511.4 0.23655
510.7 0.25651
510 0.27648
509.3 0.29646
508.6 0.31644
507.9 0.33644
507.19 0.35645
506.49 0.37647
505.79 0.39649
505.09 0.41653
504.39 0.43659
503.69 0.45665
502.99 0.47672
502.29 0.49681
501.59 0.51691
500.89 0.53702
500.19 0.55715
499.49 0.57728
498.79 0.59744
498.09 0.6176
497.38 0.63778
496.68 0.65797
495.98 0.67818
495.28 0.69841
494.58 0.71864
493.88 0.7389
493.18 0.75917
492.48 0.77946
491.78 0.79976
491.08 0.82008
490.38 0.84042
489.68 0.86077
488.98 0.88114
488.28 0.90153
487.58 0.92194
486.87 0.94237
486.17 0.96282
485.47 0.98328
484.77 1.0038
484.07 1.0243
483.37 1.0448
482.67 1.0654
481.97 1.0859
481.27 1.1065
480.57 1.1271
479.87 1.1478
479.17 1.1684
478.47 1.1891
477.77 1.2098
477.07 1.2305
476.36 1.2513
475.66 1.2721
474.96 1.2929
474.26 1.3137
473.56 1.3346
472.86 1.3555
472.16 1.3764
471.46 1.3973
470.76 1.4183
470.06 1.4393
469.36 1.4603
468.66 1.4814
467.96 1.5025
467.26 1.5236
466.55 1.5447
465.85 1.5659
465.15 1.5871
464.45 1.6083
463.75 1.6296
463.05 1.6509
462.35 1.6723
461.65 1.6937
460.95 1.7151
460.25 1.7365
459.55 1.758
458.85 1.7795
458.15 1.8011
457.45 1.8227
456.75 1.8443
456.04 1.866
455.34 1.8877
454.64 1.9095
453.94 1.9313
453.24 1.9531
452.54 1.975
451.84 1.9969
451.14 2.0189
450.44 2.0409
449.74 2.0629
449.04 2.0851
448.34 2.1072
447.64 2.1294
446.94 2.1516
446.24 2.1739
445.53 2.1963
444.83 2.2187
444.13 2.2411
443.43 2.2636
442.73 2.2861
442.03 2.3087
441.33 2.3314
440.63 2.3541
439.93 2.3769
439.23 2.3997
438.53 2.4226
437.83 2.4455
437.13 2.4685
436.43 2.4916
435.72 2.5147
435.02 2.5378
434.32 2.5611
433.62 2.5844
432.92 2.6078
432.22 2.6312
431.52 2.6547
430.82 2.6783
430.12 2.7019
429.42 2.7256
428.72 2.7494
428.02 2.7732
427.32 2.7971
426.62 2.8211
425.92 2.8452
425.21 2.8693
424.51 2.8936
423.81 2.9179
423.11 2.9422
422.41 2.9667
421.71 2.9912
421.01 3.0159
420.31 3.0406
419.61 3.0654
418.91 3.0902
418.21 3.1152
417.51 3.1403
416.81 3.1654
416.11 3.1906
415.4 3.216
414.7 3.2414
414 3.2669
413.3 3.2926
412.6 3.3183
411.9 3.3441
411.2 3.37
410.5 3.3961
409.8 3.4222
409.1 3.4484
408.4 3.4748
407.7 3.5013
407 3.5278
406.3 3.5545
405.6 3.5813
404.89 3.6083
404.19 3.6353
403.49 3.6625
402.79 3.6897
402.09 3.7172
401.39 3.7447
400.69 3.7724
399.99 3.8002
