1100 3.4025
1099.3 3.3965
1098.6 3.3905
1097.9 3.3845
1097.2 3.3785
1096.5 3.3725
1095.8 3.3665
1095.1 3.3606
1094.4 3.3546
1093.7 3.3486
1093 3.3427
1092.3 3.3368
1091.6 3.3308
1090.9 3.3249
1090.2 3.319
1089.5 3.3131
1088.8 3.3072
1088.1 3.3013
1087.4 3.2954
1086.7 3.2895
1086 3.2837
1085.3 3.2778
1084.6 3.2719
1083.9 3.2661
1083.2 3.2603
1082.5 3.2544
1081.8 3.2486
1081.1 3.2428
1080.4 3.237
1079.7 3.2312
1079 3.2254
1078.3 3.2196
1077.6 3.2138
1076.8 3.2081
1076.1 3.2023
1075.4 3.1966
1074.7 3.1908
1074 3.1851
1073.3 3.1793
1072.6 3.1736
1071.9 3.1679
1071.2 3.1622
1070.5 3.1565
1069.8 3.1508
1069.1 3.1451
1068.4 3.1394
1067.7 3.1338
1067 3.1281
1066.3 3.1225
1065.6 3.1168
1064.9 3.1112
1064.2 3.1055
1063.5 3.0999
1062.8 3.0943
1062.1 3.0887
1061.4 3.0831
1060.7 3.0775
1060 3.0719
1059.3 3.0663
1058.6 3.0608
1057.9 3.0552
1057.2 3.0497
1056.5 3.0441
1055.8 3.0386
1055.1 3.033
1054.4 3.0275
1053.7 3.022
1053 3.0165
1052.3 3.011
1051.6 3.0055
1050.9 3
1050.2 2.9945
1049.5 2.9891
1048.8 2.9836
1048.1 2.9781
1047.4 2.9727
1046.7 2.9672
1046 2.9618
1045.3 2.9564
1044.6 2.951
1043.9 2.9456
1043.2 2.9402
1042.5 2.9348
1041.8 2.9294
1041.1 2.924
1040.4 2.9186
1039.7 2.9132
1039 2.9079
1038.3 2.9025
1037.6 2.8972
1036.9 2.8919
1036.2 2.8865
1035.5 2.8812
1034.8 2.8759
1034.1 2.8706
1033.4 2.8653
1032.7 2.86
1032 2.8547
1031.3 2.8494
1030.6 2.8442
1029.9 2.8389
1029.2 2.8336
1028.5 2.8284
1027.8 2.8232
1027.1 2.8179
1026.4 2.8127
1025.7 2.8075
1025 2.8023
1024.3 2.7971
1023.6 2.7919
1022.9 2.7867
1022.2 2.7815
1021.5 2.7763
1020.8 2.7712
1020.1 2.766
1019.4 2.7609
1018.7 2.7557
1018 2.7506
1017.3 2.7455
1016.6 2.7403
1015.9 2.7352
1015.2 2.7301
1014.5 2.725
1013.8 2.7199
1013.1 2.7148
1012.4 2.7098
1011.7 2.7047
1011 2.6996
1010.3 2.6946
1009.6 2.6895
1008.9 2.6845
1008.2 2.6794
1007.5 2.6744
1006.8 2.6694
1006.1 2.6644
1005.4 2.6594
1004.7 2.6544
1004 2.6494
1003.3 2.6444
1002.6 2.6394
1001.9 2.6345
1001.2 2.6295
1000.5 2.6246
999.77 2.6196
999.07 2.6147
998.37 2.6098
997.67 2.6048
996.97 2.5999
996.27 2.595
995.57 2.5901
994.87 2.5852
994.17 2.5803
993.47 2.5754
992.77 2.5706
992.07 2.5657
991.37 2.5608
990.67 2.556
989.97 2.5511
989.26 2.5463
988.56 2.5415
987.86 2.5367
987.16 2.5318
986.46 2.527
985.76 2.5222
985.06 2.5174
984.36 2.5127
983.66 2.5079
982.96 2.5031
982.26 2.4983
981.56 2.4936
980.86 2.4888
980.16 2.4841
979.45 2.4793
978.75 2.4746
978.05 2.4699
977.35 2.4652
976.65 2.4605
975.95 2.4558
975.25 2.4511
974.55 2.4464
973.85 2.4417
973.15 2.437
972.45 2.4324
971.75 2.4277
971.05 2.4231
970.35 2.4184
969.65 2.4138
968.94 2.4092
968.24 2.4045
967.54 2.3999
966.84 2.3953
966.14 2.3907
965.44 2.3861
964.74 2.3815
964.04 2.377
963.34 2.3724
962.64 2.3678
961.94 2.3633
961.24 2.3587
960.54 2.3542
959.84 2.3496
959.14 2.3451
958.43 2.3406
957.73 2.3361
957.03 2.3316
956.33 2.3271
955.63 2.3226
954.93 2.3181
954.23 2.3136
953.53 2.3091
952.83 2.3047
952.13 2.3002
951.43 2.2958
950.73 2.2913
950.03 2.2869
949.33 2.2824
948.62 2.278
947.92 2.2736
947.22 2.2692
946.52 2.2648
945.82 2.2604
945.12 2.256
944.42 2.2516
943.72 2.2473
943.02 2.2429
942.32 2.2385
941.62 2.2342
940.92 2.2298
940.22 2.2255
939.52 2.2212
938.82 2.2168
938.11 2.2125
937.41 2.2082
936.71 2.2039
936.01 2.1996
935.31 2.1953
934.61 2.191
933.91 2.1867
933.21 2.1825
932.51 2.1782
931.81 2.174
931.11 2.1697
930.41 2.1655
929.71 2.1612
929.01 2.157
928.3 2.1528
927.6 2.1486
926.9 2.1444
926.2 2.1402
925.5 2.136
924.8 2.1318
924.1 2.1276
923.4 2.1234
922.7 2.1193
922 2.1151
921.3 2.111
920.6 2.1068
919.9 2.1027
919.2 2.0985
918.5 2.0944
917.79 2.0903
917.09 2.0862
916.39 2.0821
915.69 2.078
914.99 2.0739
914.29 2.0698
913.59 2.0657
912.89 2.0617
912.19 2.0576
911.49 2.0536
910.79 2.0495
910.09 2.0455
909.39 2.0414
908.69 2.0374
907.99 2.0334
907.28 2.0294
906.58 2.0254
905.88 2.0214
905.18 2.0174
904.48 2.0134
903.78 2.0094
903.08 2.0054
902.38 2.0015
901.68 1.9975
900.98 1.9935
900.28 1.9896
899.58 1.9857
898.88 1.9817
898.18 1.9778
897.47 1.9739
896.77 1.97
896.07 1.9661
895.37 1.9622
894.67 1.9583
893.97 1.9544
893.27 1.9505
892.57 1.9466
891.87 1.9428
891.17 1.9389
890.47 1.9351
889.77 1.9312
889.07 1.9274
888.37 1.9236
887.67 1.9197
886.96 1.9159
886.26 1.9121
885.56 1.9083
884.86 1.9045
884.16 1.9007
883.46 1.8969
882.76 1.8932
882.06 1.8894
881.36 1.8856
880.66 1.8819
879.96 1.8781
879.26 1.8744
878.56 1.8706
877.86 1.8669
877.16 1.8632
876.45 1.8595
875.75 1.8558
875.05 1.8521
874.35 1.8484
873.65 1.8447
872.95 1.841
872.25 1.8373
871.55 1.8336
870.85 1.83
870.15 1.8263
869.45 1.8227
868.75 1.819
868.05 1.8154
867.35 1.8118
866.64 1.8081
865.94 1.8045
865.24 1.8009
864.54 1.7973
863.84 1.7937
863.14 1.7901
862.44 1.7866
861.74 1.783
861.04 1.7794
860.34 1.7759
859.64 1.7723
858.94 1.7687
858.24 1.7652
857.54 1.7617
856.84 1.7581
856.13 1.7546
855.43 1.7511
854.73 1.7476
854.03 1.7441
853.33 1.7406
852.63 1.7371
851.93 1.7336
851.23 1.7301
850.53 1.7267
849.83 1.7232
849.13 1.7198
848.43 1.7163
847.73 1.7129
847.03 1.7094
846.33 1.706
845.62 1.7026
844.92 1.6992
844.22 1.6958
843.52 1.6924
842.82 1.689
842.12 1.6856
841.42 1.6822
840.72 1.6788
840.02 1.6754
839.32 1.6721
838.62 1.6687
837.92 1.6654
837.22 1.662
836.52 1.6587
835.81 1.6554
835.11 1.652
834.41 1.6487
833.71 1.6454
833.01 1.6421
832.31 1.6388
831.61 1.6355
830.91 1.6322
830.21 1.6289
829.51 1.6257
828.81 1.6224
828.11 1.6192
827.41 1.6159
826.71 1.6127
826.01 1.6094
825.3 1.6062
824.6 1.603
823.9 1.5997
823.2 1.5965
822.5 1.5933
821.8 1.5901
821.1 1.5869
820.4 1.5837
819.7 1.5806
819 1.5774
818.3 1.5742
817.6 1.5711
816.9 1.5679
816.2 1.5648
815.49 1.5616
814.79 1.5585
814.09 1.5554
813.39 1.5522
812.69 1.5491
811.99 1.546
811.29 1.5429
810.59 1.5398
809.89 1.5367
809.19 1.5337
808.49 1.5306
807.79 1.5275
807.09 1.5245
806.39 1.5214
805.69 1.5183
804.98 1.5153
804.28 1.5123
803.58 1.5092
802.88 1.5062
802.18 1.5032
801.48 1.5002
800.78 1.4972
800.08 1.4942
799.38 1.4912
798.68 1.4882
797.98 1.4852
797.28 1.4823
796.58 1.4793
795.88 1.4763
795.18 1.4734
794.47 1.4704
793.77 1.4675
793.07 1.4646
792.37 1.4617
791.67 1.4587
790.97 1.4558
790.27 1.4529
789.57 1.45
788.87 1.4471
788.17 1.4442
787.47 1.4414
786.77 1.4385
786.07 1.4356
785.37 1.4328
784.66 1.4299
783.96 1.4271
783.26 1.4242
782.56 1.4214
781.86 1.4185
781.16 1.4157
780.46 1.4129
779.76 1.4101
779.06 1.4073
778.36 1.4045
777.66 1.4017
776.96 1.3989
776.26 1.3962
775.56 1.3934
774.86 1.3906
774.15 1.3879
773.45 1.3851
772.75 1.3824
772.05 1.3796
771.35 1.3769
770.65 1.3742
769.95 1.3715
769.25 1.3687
768.55 1.366
767.85 1.3633
767.15 1.3606
766.45 1.358
765.75 1.3553
765.05 1.3526
764.35 1.3499
763.64 1.3473
762.94 1.3446
762.24 1.342
761.54 1.3393
760.84 1.3367
760.14 1.3341
759.44 1.3315
758.74 1.3288
758.04 1.3262
757.34 1.3236
756.64 1.321
755.94 1.3184
755.24 1.3159
754.54 1.3133
753.83 1.3107
753.13 1.3082
752.43 1.3056
751.73 1.303
751.03 1.3005
750.33 1.298
749.63 1.2954
748.93 1.2929
748.23 1.2904
747.53 1.2879
746.83 1.2854
746.13 1.2829
745.43 1.2804
744.73 1.2779
744.03 1.2754
743.32 1.2729
742.62 1.2705
741.92 1.268
741.22 1.2656
740.52 1.2631
739.82 1.2607
739.12 1.2582
738.42 1.2558
737.72 1.2534
737.02 1.251
736.32 1.2486
735.62 1.2462
734.92 1.2438
734.22 1.2414
733.52 1.239
732.81 1.2366
732.11 1.2343
731.41 1.2319
730.71 1.2295
730.01 1.2272
729.31 1.2249
728.61 1.2225
727.91 1.2202
727.21 1.2179
726.51 1.2156
725.81 1.2132
725.11 1.2109
724.41 1.2086
723.71 1.2063
723 1.2041
722.3 1.2018
721.6 1.1995
720.9 1.1973
720.2 1.195
719.5 1.1927
718.8 1.1905
718.1 1.1883
717.4 1.186
716.7 1.1838
716 1.1816
715.3 1.1794
714.6 1.1772
713.9 1.175
713.2 1.1728
712.49 1.1706
711.79 1.1684
711.09 1.1662
710.39 1.1641
709.69 1.1619
708.99 1.1598
708.29 1.1576
707.59 1.1555
706.89 1.1533
706.19 1.1512
705.49 1.1491
704.79 1.147
704.09 1.1449
703.39 1.1428
702.69 1.1407
701.98 1.1386
701.28 1.1365
700.58 1.1344
699.88 1.1324
699.18 1.1303
698.48 1.1282
697.78 1.1262
697.08 1.1242
696.38 1.1221
695.68 1.1201
694.98 1.1181
694.28 1.1161
693.58 1.114
692.88 1.112
692.17 1.1101
691.47 1.1081
690.77 1.1061
690.07 1.1041
689.37 1.1021
688.67 1.1002
687.97 1.0982
687.27 1.0963
686.57 1.0943
685.87 1.0924
685.17 1.0905
684.47 1.0886
683.77 1.0866
683.07 1.0847
682.37 1.0828
681.66 1.0809
680.96 1.079
680.26 1.0772
679.56 1.0753
678.86 1.0734
678.16 1.0716
677.46 1.0697
676.76 1.0679
676.06 1.066
675.36 1.0642
674.66 1.0624
673.96 1.0605
673.26 1.0587
672.56 1.0569
671.85 1.0551
671.15 1.0533
670.45 1.0515
669.75 1.0498
669.05 1.048
668.35 1.0462
667.65 1.0445
666.95 1.0427
666.25 1.041
665.55 1.0392
664.85 1.0375
664.15 1.0358
663.45 1.0341
662.75 1.0324
662.05 1.0307
661.34 1.029
660.64 1.0273
659.94 1.0256
659.24 1.0239
658.54 1.0222
657.84 1.0206
657.14 1.0189
656.44 1.0173
655.74 1.0156
655.04 1.014
654.34 1.0124
653.64 1.0108
652.94 1.0091
652.24 1.0075
651.54 1.0059
650.83 1.0044
650.13 1.0028
649.43 1.0012
648.73 0.99962
648.03 0.99806
647.33 0.9965
646.63 0.99495
645.93 0.99341
645.23 0.99188
644.53 0.99035
643.83 0.98883
643.13 0.98732
642.43 0.98581
641.73 0.98431
641.02 0.98282
640.32 0.98134
639.62 0.97986
638.92 0.97839
638.22 0.97693
637.52 0.97547
636.82 0.97402
636.12 0.97258
635.42 0.97115
634.72 0.96972
634.02 0.96831
633.32 0.96689
632.62 0.96549
631.92 0.96409
631.22 0.9627
630.51 0.96132
629.81 0.95995
629.11 0.95858
628.41 0.95722
627.71 0.95587
627.01 0.95452
626.31 0.95319
625.61 0.95186
624.91 0.95054
624.21 0.94922
623.51 0.94791
622.81 0.94661
622.11 0.94532
621.41 0.94404
620.71 0.94276
620 0.94149
619.3 0.94023
618.6 0.93897
617.9 0.93773
617.2 0.93649
616.5 0.93526
615.8 0.93404
615.1 0.93282
614.4 0.93161
613.7 0.93041
613 0.92922
612.3 0.92803
611.6 0.92686
610.9 0.92569
610.19 0.92453
609.49 0.92338
608.79 0.92223
608.09 0.92109
607.39 0.91996
606.69 0.91884
605.99 0.91773
605.29 0.91662
604.59 0.91553
603.89 0.91444
603.19 0.91335
602.49 0.91228
601.79 0.91122
601.09 0.91016
600.39 0.90911
599.68 0.90807
598.98 0.90704
598.28 0.90601
597.58 0.905
596.88 0.90399
596.18 0.90299
595.48 0.902
594.78 0.90101
594.08 0.90004
593.38 0.89907
592.68 0.89811
591.98 0.89716
591.28 0.89622
590.58 0.89529
589.88 0.89437
589.17 0.89345
588.47 0.89254
587.77 0.89164
587.07 0.89075
586.37 0.88987
585.67 0.889
584.97 0.88814
584.27 0.88728
583.57 0.88644
582.87 0.8856
582.17 0.88477
581.47 0.88395
580.77 0.88314
580.07 0.88233
579.36 0.88154
578.66 0.88076
577.96 0.87998
577.26 0.87921
576.56 0.87846
575.86 0.87771
575.16 0.87697
574.46 0.87624
573.76 0.87552
573.06 0.87481
572.36 0.8741
571.66 0.87341
570.96 0.87273
570.26 0.87205
569.56 0.87139
568.85 0.87073
568.15 0.87008
567.45 0.86945
566.75 0.86882
566.05 0.8682
565.35 0.86759
564.65 0.867
563.95 0.86641
563.25 0.86583
562.55 0.86526
561.85 0.8647
561.15 0.86415
560.45 0.86361
559.75 0.86308
559.04 0.86256
558.34 0.86205
557.64 0.86155
556.94 0.86106
556.24 0.86058
555.54 0.86011
554.84 0.85965
554.14 0.8592
553.44 0.85877
552.74 0.85834
552.04 0.85792
551.34 0.85751
550.64 0.85712
549.94 0.85673
549.24 0.85635
548.53 0.85599
547.83 0.85564
547.13 0.85529
546.43 0.85496
545.73 0.85464
545.03 0.85433
544.33 0.85403
543.63 0.85374
542.93 0.85346
542.23 0.8532
541.53 0.85294
540.83 0.8527
540.13 0.85246
539.43 0.85224
538.73 0.85203
538.02 0.85184
537.32 0.85165
536.62 0.85147
535.92 0.85131
535.22 0.85116
534.52 0.85102
533.82 0.85089
533.12 0.85078
532.42 0.85067
531.72 0.85058
531.02 0.8505
530.32 0.85044
529.62 0.85038
528.92 0.85034
528.21 0.85031
527.51 0.85029
526.81 0.85029
526.11 0.8503
525.41 0.85032
524.71 0.85035
524.01 0.8504
523.31 0.85046
522.61 0.85053
521.91 0.85061
521.21 0.85071
520.51 0.85083
519.81 0.85095
519.11 0.85109
518.41 0.85124
517.7 0.85141
517 0.85159
516.3 0.85178
515.6 0.85199
514.9 0.85222
514.2 0.85245
513.5 0.8527
512.8 0.85297
512.1 0.85325
511.4 0.85354
510.7 0.85385
510 0.85417
509.3 0.85451
508.6 0.85486
507.9 0.85523
507.19 0.85561
506.49 0.85601
505.79 0.85642
505.09 0.85685
504.39 0.8573
503.69 0.85776
502.99 0.85824
502.29 0.85873
501.59 0.85924
500.89 0.85976
500.19 0.8603
499.49 0.86086
498.79 0.86143
498.09 0.86202
497.38 0.86263
496.68 0.86325
495.98 0.86389
495.28 0.86455
494.58 0.86523
493.88 0.86592
493.18 0.86663
492.48 0.86736
491.78 0.86811
491.08 0.86887
490.38 0.86965
489.68 0.87046
488.98 0.87128
488.28 0.87211
487.58 0.87297
486.87 0.87385
486.17 0.87474
485.47 0.87566
484.77 0.87659
484.07 0.87754
483.37 0.87852
482.67 0.87951
481.97 0.88053
481.27 0.88156
480.57 0.88261
479.87 0.88369
479.17 0.88479
478.47 0.8859
477.77 0.88704
477.07 0.8882
476.36 0.88938
475.66 0.89059
474.96 0.89181
474.26 0.89306
473.56 0.89433
472.86 0.89562
472.16 0.89694
471.46 0.89828
470.76 0.89964
470.06 0.90103
469.36 0.90244
468.66 0.90388
467.96 0.90533
467.26 0.90682
466.55 0.90833
465.85 0.90986
465.15 0.91142
464.45 0.913
463.75 0.91461
463.05 0.91625
462.35 0.91791
461.65 0.9196
460.95 0.92132
460.25 0.92306
459.55 0.92483
458.85 0.92663
458.15 0.92846
457.45 0.93031
456.75 0.9322
456.04 0.93411
455.34 0.93605
454.64 0.93802
453.94 0.94003
453.24 0.94206
452.54 0.94412
451.84 0.94622
451.14 0.94834
450.44 0.9505
449.74 0.95269
449.04 0.95491
448.34 0.95717
447.64 0.95946
446.94 0.96178
446.24 0.96413
445.53 0.96652
444.83 0.96895
444.13 0.97141
443.43 0.97391
442.73 0.97644
442.03 0.97901
441.33 0.98161
440.63 0.98426
439.93 0.98694
439.23 0.98966
438.53 0.99242
437.83 0.99521
437.13 0.99805
436.43 1.0009
435.72 1.0038
435.02 1.0068
434.32 1.0098
433.62 1.0129
432.92 1.0159
432.22 1.0191
431.52 1.0223
430.82 1.0255
430.12 1.0287
429.42 1.0321
428.72 1.0354
428.02 1.0388
427.32 1.0423
426.62 1.0458
425.92 1.0493
425.21 1.0529
424.51 1.0566
423.81 1.0603
423.11 1.064
422.41 1.0678
421.71 1.0717
421.01 1.0756
420.31 1.0796
419.61 1.0836
418.91 1.0877
418.21 1.0918
417.51 1.096
416.81 1.1003
416.11 1.1046
415.4 1.109
414.7 1.1134
414 1.118
413.3 1.1225
412.6 1.1272
411.9 1.1319
411.2 1.1366
410.5 1.1415
409.8 1.1464
409.1 1.1513
408.4 1.1564
407.7 1.1615
407 1.1667
406.3 1.1719
405.6 1.1773
404.89 1.1827
404.19 1.1882
403.49 1.1938
402.79 1.1994
402.09 1.2052
401.39 1.211
400.69 1.2169
399.99 1.2229
