0.0 0.10002461075782776  0.16219653189182281 
1.0 0.06255816668272018  0.07736214995384216 
2.0 0.049002308398485184  0.05346663296222687 
3.0 0.04602494463324547  0.04181835427880287 
4.0 0.04867231845855713  0.03552084043622017 
5.0 0.044868823140859604  0.032075587660074234 
6.0 0.04059794545173645  0.029800957068800926 
7.0 0.034039206802845  0.02804083749651909 
8.0 0.029778800904750824  0.02656369097530842 
9.0 0.0347256138920784  0.0252886563539505 
10.0 0.02689470537006855  0.024183223024010658 
11.0 0.027909085154533386  0.023029008880257607 
12.0 0.02359822392463684  0.022129172459244728 
13.0 0.020240839570760727  0.021301396191120148 
14.0 0.01926657184958458  0.020559877157211304 
15.0 0.018686775118112564  0.019863447174429893 
16.0 0.01799708604812622  0.019140195101499557 
17.0 0.017205996438860893  0.018485918641090393 
18.0 0.01721973903477192  0.017886565998196602 
19.0 0.016880618408322334  0.017287030816078186 
20.0 0.016577500849962234  0.016788719221949577 
21.0 0.01642162911593914  0.016309160739183426 
22.0 0.01589070074260235  0.015893414616584778 
23.0 0.01598781906068325  0.015449645929038525 
24.0 0.014496257528662682  0.015036179684102535 
25.0 0.014991318807005882  0.0146509213373065 
26.0 0.014691106975078583  0.014281176030635834 
27.0 0.013826975598931313  0.013922210782766342 
28.0 0.014593401923775673  0.01358671672642231 
29.0 0.0133140804246068  0.013263242319226265 
30.0 0.013559297658503056  0.01293768361210823 
31.0 0.013464158400893211  0.012651659548282623 
32.0 0.01299325842410326  0.012361263856291771 
33.0 0.012399261817336082  0.012093143537640572 
34.0 0.012518703937530518  0.011837471276521683 
35.0 0.011693299748003483  0.011583327315747738 
36.0 0.011574102565646172  0.011369407176971436 
37.0 0.011266781948506832  0.011150027625262737 
38.0 0.013131647370755672  0.010957992635667324 
39.0 0.012538145296275616  0.010792547836899757 
40.0 0.012554752640426159  0.01057092659175396 
41.0 0.012324748560786247  0.01039167121052742 
42.0 0.010785369202494621  0.01023639552295208 
43.0 0.011329646222293377  0.010017743334174156 
44.0 0.009595567360520363  0.00986854825168848 
45.0 0.010426675900816917  0.009717809967696667 
46.0 0.008680310100317001  0.00962178036570549 
47.0 0.00889395922422409  0.009437082335352898 
48.0 0.008564712479710579  0.009338821284472942 
49.0 0.010221588425338268  0.00916192214936018 
50.0 0.009938115254044533  0.00905582495033741 
51.0 0.008920617401599884  0.00893683172762394 
52.0 0.008280469104647636  0.008776167407631874 
53.0 0.007998558692634106  0.008714140392839909 
54.0 0.009763691574335098  0.008632723242044449 
55.0 0.009447261691093445  0.00852129701524973 
56.0 0.010183697566390038  0.008417407050728798 
57.0 0.008085431531071663  0.008289719000458717 
58.0 0.008215322159230709  0.008233080618083477 
59.0 0.009031575173139572  0.008163772523403168 
60.0 0.010483919642865658  0.008088464848697186 
61.0 0.010641166940331459  0.008022184483706951 
62.0 0.008375782519578934  0.007906729355454445 
63.0 0.011590269394218922  0.007891719229519367 
64.0 0.008282184600830078  0.007783501408994198 
65.0 0.007515112403780222  0.00783485732972622 
66.0 0.007876873947679996  0.007656564936041832 
67.0 0.00962391123175621  0.0075976792722940445 
68.0 0.009651312604546547  0.00761978467926383 
69.0 0.009693576954305172  0.007565829902887344 
70.0 0.00807871948927641  0.007426910568028688 
71.0 0.009444199502468109  0.0073473090305924416 
72.0 0.010926025919616222  0.00740610808134079 
73.0 0.00999453291296959  0.007251380011439323 
74.0 0.008412133902311325  0.007192880380898714 
75.0 0.008321200497448444  0.007283961400389671 
76.0 0.012234227731823921  0.00706077553331852 
77.0 0.010951456613838673  0.00711063900962472 
78.0 0.009072425775229931  0.00714828260242939 
79.0 0.014199626632034779  0.0068914988078176975 
80.0 0.00913496408611536  0.006906797178089619 
81.0 0.008886979892849922  0.007154811639338732 
82.0 0.014960058033466339  0.006788410246372223 
83.0 0.013964773155748844  0.006882296409457922 
84.0 0.014801697805523872  0.006641755811870098 
85.0 0.011052770540118217  0.006652687210589647 
