0.0 0.058136943727731705  0.1409362405538559 
1.0 0.03696535900235176  0.046044472604990005 
2.0 0.02995101921260357  0.03232952207326889 
3.0 0.022429509088397026  0.024934979155659676 
4.0 0.021798033267259598  0.021469658240675926 
5.0 0.01988981105387211  0.0194950383156538 
6.0 0.018239540979266167  0.018084971234202385 
7.0 0.01811147667467594  0.01683339849114418 
8.0 0.016747701913118362  0.015769097954034805 
9.0 0.017143383622169495  0.014955387450754642 
10.0 0.0177181214094162  0.014279023744165897 
11.0 0.01811475120484829  0.01373268198221922 
12.0 0.01920703426003456  0.01328332256525755 
13.0 0.019332073628902435  0.012900346890091896 
14.0 0.01862224005162716  0.01251023169606924 
15.0 0.020640987902879715  0.012214676477015018 
16.0 0.01355993002653122  0.011939606629312038 
17.0 0.012858997099101543  0.01163360383361578 
18.0 0.01831287145614624  0.01145369652658701 
19.0 0.011737164109945297  0.011184989474713802 
20.0 0.014039448462426662  0.010999096557497978 
21.0 0.014018801972270012  0.010724008083343506 
22.0 0.010234450921416283  0.010454620234668255 
23.0 0.01223035342991352  0.010204246267676353 
24.0 0.013816689141094685  0.009885058738291264 
25.0 0.010021709837019444  0.009600051678717136 
26.0 0.00876220129430294  0.009443704970180988 
27.0 0.011599279008805752  0.009247995913028717 
28.0 0.011457741260528564  0.009114796295762062 
29.0 0.007819139398634434  0.00885726884007454 
30.0 0.007997165434062481  0.008630827069282532 
31.0 0.009756735526025295  0.008497178554534912 
32.0 0.007396423723548651  0.008395788259804249 
33.0 0.007332186680287123  0.008081700652837753 
34.0 0.009451859630644321  0.00841358583420515 
35.0 0.008082767017185688  0.008678818121552467 
36.0 0.007419688627123833  0.00815067533403635 
37.0 0.007147432770580053  0.007816697470843792 
38.0 0.007665438577532768  0.007561967708170414 
39.0 0.00696879718452692  0.007439660839736462 
40.0 0.006415728945285082  0.007287450134754181 
41.0 0.006978733465075493  0.007167377509176731 
42.0 0.008346518501639366  0.007063296157866716 
43.0 0.008615825325250626  0.006808445788919926 
44.0 0.006557011045515537  0.006842038128525019 
45.0 0.007563299965113401  0.006758297327905893 
46.0 0.006913691759109497  0.006653922144323587 
47.0 0.006290586199611425  0.006461940240114927 
48.0 0.008857798762619495  0.006319209933280945 
49.0 0.006892086938023567  0.006177505012601614 
50.0 0.007662988733500242  0.0069296471774578094 
51.0 0.006226135417819023  0.007047360297292471 
52.0 0.006316161714494228  0.006811179220676422 
53.0 0.006589099299162626  0.006525784265249968 
54.0 0.00854441151022911  0.006308855023235083 
55.0 0.007780715823173523  0.006219880189746618 
56.0 0.0059128617867827415  0.006248753052204847 
57.0 0.005886807572096586  0.0061478689312934875 
58.0 0.008329322561621666  0.005958707071840763 
59.0 0.004627323243767023  0.005855003371834755 
60.0 0.005600602366030216  0.006203217897564173 
61.0 0.008319379761815071  0.005955351982265711 
62.0 0.005322371609508991  0.005733591038733721 
63.0 0.004651584196835756  0.005807545036077499 
64.0 0.006501106545329094  0.005937294103205204 
65.0 0.004730457440018654  0.0055819484405219555 
66.0 0.008128141053020954  0.005687883589416742 
67.0 0.007214438170194626  0.0055278451181948185 
68.0 0.0045676641166210175  0.005565408617258072 
69.0 0.005485041532665491  0.005376498680561781 
70.0 0.0058245547115802765  0.005978506524115801 
71.0 0.003963693510740995  0.005707990378141403 
72.0 0.0037130345590412617  0.0053353076800704 
73.0 0.0060125854797661304  0.005655037239193916 
74.0 0.004159120377153158  0.005694173742085695 
75.0 0.006906881928443909  0.00544167822226882 
76.0 0.005938958842307329  0.005292702000588179 
77.0 0.005759951658546925  0.005435317289084196 
78.0 0.005681831855326891  0.005316908471286297 
79.0 0.005316475406289101  0.0051935105584561825 
80.0 0.003949671518057585  0.0050827390514314175 
81.0 0.006854807026684284  0.004999589640647173 
82.0 0.004775381647050381  0.004896461497992277 
83.0 0.0036841132678091526  0.005033383145928383 
84.0 0.004910209681838751  0.0055531770922243595 
85.0 0.0076323444955050945  0.00540906423702836 
86.0 0.005078596528619528  0.005088898353278637 
87.0 0.0077629671432077885  0.0050221518613398075 
88.0 0.005424238741397858  0.004952734801918268 
89.0 0.004570959135890007  0.004768604878336191 
90.0 0.004257621709257364  0.004713641945272684 
91.0 0.004499182570725679  0.004603284411132336 
92.0 0.007758064661175013  0.004761704709380865 
93.0 0.0033282649237662554  0.004781064111739397 
94.0 0.0038039691280573606  0.004801069386303425 
95.0 0.0055640023201704025  0.00506969029083848 
96.0 0.0049585034139454365  0.004536324646323919 
97.0 0.0034339779522269964  0.004679278936237097 
98.0 0.004866127390414476  0.004747476894408464 
99.0 0.006110907532274723  0.0045945611782372 
100.0 0.004528616089373827  0.004482765682041645 
101.0 0.004586172290146351  0.005209913942962885 
102.0 0.003559522330760956  0.004871161188930273 
103.0 0.003862837329506874  0.005075519904494286 
104.0 0.002798417815938592  0.00436527281999588 
105.0 0.002750873565673828  0.004576513078063726 
106.0 0.004759357776492834  0.00452146353200078 
107.0 0.0032250157091766596  0.0043271370232105255 
108.0 0.003996948711574078  0.004123379942029715 
109.0 0.00916749332100153  0.004298217128962278 
110.0 0.0030398613307625055  0.005264587700366974 
111.0 0.004162462428212166  0.004093049559742212 
112.0 0.0033620153553783894  0.0040487549267709255 
113.0 0.006238129455596209  0.004470171872526407 
114.0 0.006796803325414658  0.004750953521579504 
115.0 0.00526214437559247  0.004934336990118027 
116.0 0.007538157049566507  0.004981626756489277 
117.0 0.0067922193557024  0.004952570423483849 
118.0 0.0034287211019545794  0.004667809698730707 
119.0 0.006064527202397585  0.004970720037817955 
120.0 0.011136068031191826  0.004436067305505276 
121.0 0.004580084700137377  0.003965951502323151 
122.0 0.004794212989509106  0.004382780287414789 
123.0 0.0032741078175604343  0.003799091326072812 
124.0 0.002834061859175563  0.0037677050568163395 
125.0 0.0030857149977236986  0.003658656030893326 
