0.0 0.06780396401882172  0.13722725212574005 
1.0 0.04113943129777908  0.04966825619339943 
2.0 0.03421662002801895  0.03594785928726196 
3.0 0.03020014986395836  0.030919581651687622 
4.0 0.029025396332144737  0.027505047619342804 
5.0 0.026909328997135162  0.024853134527802467 
6.0 0.026730835437774658  0.022233955562114716 
7.0 0.02223636582493782  0.019693488255143166 
8.0 0.019192546606063843  0.017686503008008003 
9.0 0.01701190322637558  0.016171101480722427 
10.0 0.016720283776521683  0.014919585548341274 
11.0 0.015816617757081985  0.013947533443570137 
12.0 0.01661650463938713  0.013093212619423866 
13.0 0.011615279130637646  0.012450067326426506 
14.0 0.01076430268585682  0.011844134889543056 
15.0 0.011073650792241096  0.011410740204155445 
16.0 0.010946815833449364  0.011011095717549324 
17.0 0.011695381253957748  0.01071937195956707 
18.0 0.013562855310738087  0.010449819266796112 
19.0 0.01264987513422966  0.010140775702893734 
20.0 0.012770183384418488  0.009897767566144466 
21.0 0.012819553725421429  0.009646615944802761 
22.0 0.011870607733726501  0.009441519156098366 
23.0 0.010222389362752438  0.00927993655204773 
24.0 0.011483533307909966  0.009159354493021965 
25.0 0.012265430763363838  0.008929559029638767 
26.0 0.009095975197851658  0.008869758807122707 
27.0 0.009492024779319763  0.00869006384164095 
28.0 0.009311717934906483  0.008570084348320961 
29.0 0.013400970958173275  0.008499122224748135 
30.0 0.01294536329805851  0.008387853391468525 
31.0 0.01012544333934784  0.008284369483590126 
32.0 0.01157003827393055  0.008190466091036797 
33.0 0.010169102810323238  0.008135784417390823 
34.0 0.010776719078421593  0.008015342056751251 
35.0 0.009385629557073116  0.007954433560371399 
36.0 0.01148409117013216  0.007868514396250248 
37.0 0.010877413675189018  0.007756045553833246 
38.0 0.010514635592699051  0.00772601505741477 
39.0 0.009730132296681404  0.007675452623516321 
40.0 0.010109725408256054  0.007580192759633064 
41.0 0.011373503133654594  0.007547993678599596 
42.0 0.007980492897331715  0.007454480044543743 
43.0 0.00775925861671567  0.007350564934313297 
44.0 0.0070094452239573  0.007212677039206028 
45.0 0.008663738146424294  0.006922701373696327 
46.0 0.008802331052720547  0.006718927063047886 
47.0 0.006784883793443441  0.006134066265076399 
48.0 0.008093942888081074  0.005774007178843021 
49.0 0.005071679130196571  0.005644993390887976 
50.0 0.008081628940999508  0.005249059293419123 
51.0 0.005059885326772928  0.005185331683605909 
52.0 0.005190892610698938  0.004997518379241228 
53.0 0.00484403595328331  0.004895208869129419 
54.0 0.004700896795839071  0.004779556766152382 
55.0 0.004765389021486044  0.00458552548661828 
56.0 0.004239832982420921  0.004519694019109011 
57.0 0.004397375509142876  0.004306827671825886 
58.0 0.003980572801083326  0.004414454102516174 
59.0 0.004147793632000685  0.004269062541425228 
60.0 0.0076270196586847305  0.004134020302444696 
61.0 0.003960302099585533  0.00402454286813736 
62.0 0.0037416075356304646  0.004053819924592972 
63.0 0.003653088817372918  0.00405495148152113 
64.0 0.008296776562929153  0.003996115177869797 
65.0 0.004682798404246569  0.0038483510725200176 
66.0 0.003977728076279163  0.003677554428577423 
67.0 0.0036463711876422167  0.0036505560856312513 
68.0 0.005656418856233358  0.0037920281756669283 
69.0 0.00500258756801486  0.003622827585786581 
70.0 0.0057625118643045425  0.0035565888974815607 
71.0 0.004335828125476837  0.003627142868936062 
72.0 0.006950042676180601  0.003485483815893531 
73.0 0.0034692236222326756  0.0035719124134629965 
74.0 0.0033662200439721346  0.0034327846951782703 
75.0 0.005454136524349451  0.0034193445462733507 
76.0 0.003142270026728511  0.003322240663692355 
77.0 0.003325413214042783  0.0031811618246138096 
78.0 0.0031159245409071445  0.0031529716216027737 
79.0 0.006931372918188572  0.0033077073749154806 
80.0 0.0031627309508621693  0.00314386747777462 
81.0 0.0031609958969056606  0.00308774271979928 
82.0 0.003379681846126914  0.003039636882022023 
83.0 0.0037192199379205704  0.0031559723429381847 
84.0 0.0031945223454385996  0.003075572894886136 
85.0 0.006440093740820885  0.0029155409429222345 
86.0 0.006107781548053026  0.0030691034626215696 
87.0 0.002915232442319393  0.0028176812920719385 
88.0 0.003108429489657283  0.0028117455076426268 
89.0 0.0027805406134575605  0.0029400892090052366 
90.0 0.004017491824924946  0.0027708644047379494 
91.0 0.005821540020406246  0.002722714561969042 
92.0 0.003936101216822863  0.002808772958815098 
93.0 0.003920539282262325  0.0027115794364362955 
94.0 0.006811790633946657  0.002713831840083003 
95.0 0.004080215469002724  0.0026928531005978584 
96.0 0.0036399501841515303  0.0026470015291124582 
97.0 0.006009950768202543  0.0026484313420951366 
98.0 0.003945555072277784  0.002626794157549739 
99.0 0.00498180603608489  0.0026120974216610193 
100.0 0.004680107347667217  0.0024687661789357662 
101.0 0.0029771444387733936  0.0025588362477719784 
102.0 0.0025715932715684175  0.002604583278298378 
103.0 0.002688567852601409  0.00246169650927186 
104.0 0.003787066088989377  0.0023758970201015472 
105.0 0.003429195610806346  0.002502841642126441 
106.0 0.004962655249983072  0.0024331470485776663 
107.0 0.003091124352067709  0.0024171441327780485 
108.0 0.002375880256295204  0.002484414726495743 
109.0 0.0032432496082037687  0.0023196677211672068 
110.0 0.0025954172015190125  0.00241299532353878 
111.0 0.003704579547047615  0.002319510793313384 
112.0 0.00395028293132782  0.0022555699106305838 
113.0 0.00293171894736588  0.002397181699052453 
114.0 0.0031766060274094343  0.002334811259061098 
115.0 0.0024849085602909327  0.00230409880168736 
116.0 0.004279250279068947  0.0022525230888277292 
117.0 0.0028774477541446686  0.0023430772125720978 
118.0 0.003310124622657895  0.0022284090518951416 
119.0 0.004013745579868555  0.002197922905907035 
120.0 0.0034965607337653637  0.0021551374811679125 
121.0 0.003241476137191057  0.002248472301289439 
122.0 0.0021513772662729025  0.002238875487819314 
123.0 0.00241631711833179  0.0021560045424848795 
124.0 0.003703146241605282  0.002133074216544628 
125.0 0.0033724717795848846  0.0021952271927148104 
126.0 0.0028759378474205732  0.00215480150654912 
127.0 0.00215858593583107  0.002100390614941716 
128.0 0.004819656256586313  0.002058562822639942 
129.0 0.002420567674562335  0.002109893597662449 
130.0 0.0032452561426907778  0.0020051077008247375 
131.0 0.004111567046493292  0.0020761743653565645 
132.0 0.0025524182710796595  0.0020311917178332806 
133.0 0.004339173436164856  0.0019994545727968216 
134.0 0.003959594760090113  0.0020333086140453815 
135.0 0.003987569827586412  0.0020150733180344105 
136.0 0.0019202042603865266  0.0020597875118255615 
137.0 0.0028134318999946117  0.002010998548939824 
138.0 0.004126886837184429  0.001922884490340948 
139.0 0.005974291358143091  0.001968016615137458 
140.0 0.002349778078496456  0.0019536574836820364 
141.0 0.0025528885889798403  0.0019529787823557854 
142.0 0.0021057589910924435  0.001901464187540114 
143.0 0.005172968376427889  0.0019448038656264544 
144.0 0.0030377742368727922  0.0019109754357486963 
145.0 0.002135520800948143  0.0018550277454778552 
146.0 0.005702568218111992  0.0018929395591840148 
147.0 0.0031574128661304712  0.001904505887068808 
148.0 0.0031179487705230713  0.0018552085384726524 
149.0 0.002560174558311701  0.0018444596789777279 
150.0 0.0033585461787879467  0.0018266878323629498 
151.0 0.002892553573474288  0.0018341279355809093 
152.0 0.002285414608195424  0.0018059059511870146 
153.0 0.001652035629376769  0.001822314690798521 
154.0 0.002935154363512993  0.0017771656857803464 
155.0 0.0017095201183110476  0.0018302587559446692 
156.0 0.002415142022073269  0.0017656302079558372 
157.0 0.0034556298051029444  0.001745943445712328 
158.0 0.0015043290331959724  0.0018325011478736997 
159.0 0.0030086457263678312  0.0017180782742798328 
160.0 0.0025268888566643  0.0017615231918171048 
161.0 0.0022798539139330387  0.0017260496970266104 
162.0 0.003068729070946574  0.0016891880659386516 
163.0 0.0013987780548632145  0.0018058292334899306 
164.0 0.0026152185164391994  0.0016658070962876081 
165.0 0.00171678327023983  0.0017130683409050107 
166.0 0.0019390559755265713  0.0017169046914204955 
167.0 0.0017399715725332499  0.0017091295449063182 
168.0 0.004318371415138245  0.00165008963085711 
169.0 0.0019184197299182415  0.0017445096746087074 
170.0 0.001470228424295783  0.00170897098723799 
171.0 0.0018418647814542055  0.0016668923199176788 
172.0 0.0015963878249749541  0.001666346681304276 
173.0 0.0019144493853673339  0.0016476156888529658 
174.0 0.002673175185918808  0.0016538305208086967 
175.0 0.0020159573759883642  0.001643038704060018 
176.0 0.0016525350511074066  0.0016659052344039083 
177.0 0.0019864197820425034  0.0016061186324805021 
178.0 0.001772962394170463  0.0016361401649191976 
179.0 0.001772951683960855  0.001610303414054215 
180.0 0.00177306670229882  0.001632831059396267 
181.0 0.002040326362475753  0.0015842975117266178 
182.0 0.0018834804650396109  0.001598720671609044 
183.0 0.001756189507432282  0.0015771217877045274 
