0.0 0.03876659646630287  0.09343807399272919 
1.0 0.02869093418121338  0.032441768795251846 
2.0 0.022772470489144325  0.02575029246509075 
3.0 0.019784914329648018  0.021564308553934097 
4.0 0.018833700567483902  0.019005563110113144 
5.0 0.017227087169885635  0.01734190061688423 
6.0 0.016484985128045082  0.01616394706070423 
7.0 0.018016399815678596  0.015143266879022121 
8.0 0.017451662570238113  0.014392249286174774 
9.0 0.01593516394495964  0.013717795722186565 
10.0 0.01370370015501976  0.013178391382098198 
11.0 0.013412161730229855  0.01270095631480217 
12.0 0.017498387023806572  0.012136438861489296 
13.0 0.014765728265047073  0.011597277596592903 
14.0 0.010906430892646313  0.010883853770792484 
15.0 0.010404900647699833  0.010163571685552597 
16.0 0.008999287150800228  0.009518171660602093 
17.0 0.010148508474230766  0.009002022445201874 
18.0 0.00855174008756876  0.008563977666199207 
19.0 0.008757218718528748  0.008121536113321781 
20.0 0.008100202307105064  0.00778329698368907 
21.0 0.008005688898265362  0.007482975255697966 
22.0 0.008741091005504131  0.0072449552826583385 
23.0 0.007059368770569563  0.007047944702208042 
24.0 0.006693130824714899  0.00682027405127883 
25.0 0.006664990913122892  0.006641927640885115 
26.0 0.006708957254886627  0.006417904514819384 
27.0 0.007032747380435467  0.006271556485444307 
28.0 0.0062620812095701694  0.006120871286839247 
29.0 0.00596832437440753  0.005992114543914795 
30.0 0.007314727641642094  0.005823259707540274 
31.0 0.006011398043483496  0.005739577114582062 
32.0 0.006451904308050871  0.005580270662903786 
33.0 0.006372958421707153  0.005488583352416754 
34.0 0.0057690818794071674  0.005405250005424023 
35.0 0.006285867653787136  0.0052987211383879185 
36.0 0.005128748714923859  0.00520414300262928 
37.0 0.005112467799335718  0.005050670821219683 
38.0 0.005592731758952141  0.0049979425966739655 
39.0 0.005208108574151993  0.004930348135530949 
40.0 0.00505854794755578  0.004834054969251156 
41.0 0.005556958727538586  0.004762294702231884 
42.0 0.005029913503676653  0.004708057269454002 
43.0 0.005002584774047136  0.004639169201254845 
44.0 0.0051984116435050964  0.004630009178072214 
45.0 0.004645675886422396  0.004498463589698076 
46.0 0.00481162965297699  0.004464411176741123 
47.0 0.005060950759798288  0.004476260859519243 
48.0 0.004550295416265726  0.004365916829556227 
49.0 0.004700560122728348  0.004371503368020058 
50.0 0.004487649537622929  0.004297447856515646 
51.0 0.004551806952804327  0.004235486499965191 
52.0 0.0043094828724861145  0.004189625848084688 
53.0 0.004102079197764397  0.0041375719010829926 
54.0 0.0041580661199986935  0.004105251748114824 
55.0 0.004201204050332308  0.0040183826349675655 
56.0 0.004320686683058739  0.003914068453013897 
57.0 0.004565486218780279  0.0037914866115897894 
58.0 0.004261486232280731  0.003719588275998831 
59.0 0.003924874123185873  0.0036754049360752106 
60.0 0.0036558490246534348  0.0036088465712964535 
61.0 0.0036805367562919855  0.003515789983794093 
62.0 0.0035270643420517445  0.0034842602908611298 
63.0 0.003343516029417515  0.0034288226161152124 
64.0 0.0033326984848827124  0.003387168515473604 
65.0 0.0032718954607844353  0.0033100026194006205 
66.0 0.003383384086191654  0.0032987731974571943 
67.0 0.0032843276858329773  0.003262169659137726 
68.0 0.003272059140726924  0.003201819024980068 
69.0 0.003021025797352195  0.0031781725119799376 
70.0 0.0029942269902676344  0.0031351870857179165 
71.0 0.002981681376695633  0.0031107072718441486 
72.0 0.003098801476880908  0.0030714883469045162 
73.0 0.002947848988696933  0.003055927809327841 
74.0 0.0031990481074899435  0.0030341986566781998 
75.0 0.0030591944232583046  0.002975660841912031 
76.0 0.003205923130735755  0.002965697320178151 
77.0 0.0029226825572550297  0.0028969375416636467 
78.0 0.0030957276467233896  0.0028662029653787613 
79.0 0.002801959402859211  0.0028683063574135303 
80.0 0.0027129773516207933  0.0028405310586094856 
81.0 0.0026280416641384363  0.002803017385303974 
82.0 0.0026963476557284594  0.0027981058228760958 
83.0 0.0026107695885002613  0.0027623397763818502 
84.0 0.0024011849891394377  0.002726402133703232 
85.0 0.002321816748008132  0.002717194613069296 
86.0 0.0023720390163362026  0.00269530201330781 
87.0 0.0023242970928549767  0.002661202335730195 
88.0 0.0023712802212685347  0.002641206607222557 
89.0 0.002496259054169059  0.002604000037536025 
90.0 0.0022722731810063124  0.002608431503176689 
91.0 0.0022642172407358885  0.0025872420519590378 
92.0 0.0024864529259502888  0.0025283044669777155 
93.0 0.0024286373518407345  0.0025274616200476885 
94.0 0.0023761107586324215  0.0025441970210522413 
95.0 0.002366207307204604  0.0024922217708081007 
96.0 0.0026772439014166594  0.0024740274529904127 
97.0 0.0022336768452078104  0.00246618059463799 
98.0 0.002260080073028803  0.0024329444859176874 
99.0 0.002297624247148633  0.002385146915912628 
100.0 0.0023384715896099806  0.0023969917092472315 
101.0 0.0023474511690437794  0.002396880416199565 
102.0 0.00228748912923038  0.0023729808162897825 
103.0 0.002321417210623622  0.00232303561642766 
104.0 0.002337242942303419  0.0022904162760823965 
105.0 0.0022903785575181246  0.002281825290992856 
106.0 0.0022979259956628084  0.0022570271976292133 
107.0 0.0023859147913753986  0.0022688573226332664 
108.0 0.002127704443410039  0.0022707832977175713 
109.0 0.0022414897102862597  0.0022447470109909773 
110.0 0.002201331779360771  0.002224849071353674 
111.0 0.0021184817887842655  0.002196534536778927 
112.0 0.0022465712390840054  0.002171651925891638 
113.0 0.002194954315200448  0.002163803204894066 
114.0 0.002553006401285529  0.0021705746185034513 
115.0 0.0022496352903544903  0.002166029065847397 
116.0 0.002311951480805874  0.0021232168655842543 
117.0 0.0021900429856032133  0.002103436505421996 
118.0 0.002240818226709962  0.0021063641179353 
119.0 0.0022390978410840034  0.0020882131066173315 
120.0 0.002175774658098817  0.002083902945742011 
121.0 0.002166538732126355  0.002056319732218981 
122.0 0.0021703310776501894  0.002054078271612525 
123.0 0.001949693076312542  0.0020422430243343115 
124.0 0.002031178679317236  0.0020296217408031225 
125.0 0.0020719128660857677  0.0020075461361557245 
126.0 0.0020481704268604517  0.0020081058610230684 
127.0 0.0020946874283254147  0.0019871555268764496 
128.0 0.0020446418784558773  0.0019585813861340284 
129.0 0.0019229035824537277  0.0019899928011000156 
130.0 0.0019234683131799102  0.001978592248633504 
131.0 0.0019381066085770726  0.001966835232451558 
132.0 0.0018464517779648304  0.0019567867275327444 
133.0 0.002026807051151991  0.0019417721778154373 
134.0 0.0021761558018624783  0.001916291774250567 
135.0 0.001966401468962431  0.001906753284856677 
136.0 0.0019335011020302773  0.001918019843287766 
137.0 0.001964505994692445  0.0018983513582497835 
138.0 0.002371820854023099  0.001889328588731587 
139.0 0.002035790355876088  0.0018656731117516756 
140.0 0.002037213183939457  0.0018691750010475516 
141.0 0.0020693722181022167  0.0018577284645289183 
142.0 0.0020596154499799013  0.0018354959320276976 
143.0 0.0021532014943659306  0.0018435998354107141 
144.0 0.0021297449711710215  0.0018365932628512383 
145.0 0.002080923179164529  0.0018171612173318863 
146.0 0.0019469299586489797  0.0018217829056084156 
147.0 0.0019548190757632256  0.0017777557950466871 
148.0 0.002290189266204834  0.001777113415300846 
149.0 0.0027525455225259066  0.0017721866024658084 
150.0 0.0021018183324486017  0.0017561044078320265 
151.0 0.0020229648798704147  0.0017685102066025138 
152.0 0.002193344058468938  0.001752341166138649 
