0.0 0.03569170460104942  0.09049275517463684 
1.0 0.021206293255090714  0.024855954572558403 
2.0 0.018189886584877968  0.018805017694830894 
3.0 0.015775062143802643  0.016263611614704132 
4.0 0.015770917758345604  0.014873071573674679 
5.0 0.01429850235581398  0.013931347988545895 
6.0 0.013436228968203068  0.013171670027077198 
7.0 0.015590380877256393  0.012529248371720314 
8.0 0.013334245420992374  0.011963922530412674 
9.0 0.01325032114982605  0.011380133219063282 
10.0 0.014877524226903915  0.010918237268924713 
11.0 0.014087504707276821  0.010508636943995953 
12.0 0.01215881947427988  0.010090406984090805 
13.0 0.010314678773283958  0.009775341488420963 
14.0 0.009959189221262932  0.009506301954388618 
15.0 0.009501317515969276  0.009194735437631607 
16.0 0.009404739364981651  0.008932258933782578 
17.0 0.011173584498465061  0.00876176729798317 
18.0 0.010931115597486496  0.008414088748395443 
19.0 0.009191041812300682  0.008247019723057747 
20.0 0.010061487555503845  0.007908016443252563 
21.0 0.008130780421197414  0.007748025935143232 
22.0 0.010306973941624165  0.0075742332264781 
23.0 0.009304615668952465  0.007260493002831936 
24.0 0.008248979225754738  0.007258287165313959 
25.0 0.008516132831573486  0.007069599349051714 
26.0 0.007398770656436682  0.006874538492411375 
27.0 0.007433198858052492  0.00680015841498971 
28.0 0.007170570082962513  0.006607823073863983 
29.0 0.00812116265296936  0.0064149051904678345 
30.0 0.006516116205602884  0.0062700239941477776 
31.0 0.006326695904135704  0.006205606274306774 
32.0 0.005873273592442274  0.006023570895195007 
33.0 0.006353809032589197  0.005921463016420603 
34.0 0.006192341912537813  0.0058421725407242775 
35.0 0.0060746073722839355  0.005696312990039587 
36.0 0.00765711534768343  0.005583209916949272 
37.0 0.006065024994313717  0.005497623234987259 
38.0 0.006679863668978214  0.005391235463321209 
39.0 0.005858412478119135  0.005330568179488182 
40.0 0.005667493212968111  0.005197171587496996 
41.0 0.0052712904289364815  0.005081290379166603 
42.0 0.004922767169773579  0.004965707194060087 
43.0 0.005574462004005909  0.004938820376992226 
44.0 0.005226308014243841  0.0048079537227749825 
45.0 0.004746590740978718  0.004765413701534271 
46.0 0.004724207799881697  0.004771266598254442 
47.0 0.004503343719989061  0.004632558207958937 
48.0 0.005659704562276602  0.00459048617631197 
49.0 0.005313784349709749  0.004515157546848059 
50.0 0.004289909265935421  0.004455828573554754 
51.0 0.005311398301273584  0.004384842235594988 
52.0 0.0064011067152023315  0.004323867615312338 
53.0 0.005619294475764036  0.004304775968194008 
54.0 0.005187623668462038  0.00425301305949688 
55.0 0.004959634970873594  0.004216721281409264 
56.0 0.004588347859680653  0.0041758278384804726 
57.0 0.004176935646682978  0.004139688331633806 
58.0 0.005926971789449453  0.004079217556864023 
59.0 0.004258822184056044  0.004044909495860338 
60.0 0.0038898105267435312  0.0040011596865952015 
61.0 0.004551491234451532  0.003959773574024439 
62.0 0.004035757388919592  0.003947168122977018 
63.0 0.004266883712261915  0.003956519532948732 
64.0 0.0037640288937836885  0.0039258613251149654 
65.0 0.004770692903548479  0.0038401740603148937 
66.0 0.005713139660656452  0.0037745183799415827 
67.0 0.0035937416832894087  0.003775255521759391 
68.0 0.003663573879748583  0.0037279983516782522 
69.0 0.005344649776816368  0.003680285532027483 
70.0 0.004230039194226265  0.0036877705715596676 
71.0 0.0038016140460968018  0.0036598842125386 
72.0 0.0040397061966359615  0.0035477241035550833 
73.0 0.003518365090712905  0.0035152852069586515 
74.0 0.004179385956376791  0.003504732623696327 
75.0 0.004049593582749367  0.0034859562292695045 
76.0 0.005093967542052269  0.0033883184660226107 
77.0 0.003503337735310197  0.003363438183441758 
78.0 0.00410961639136076  0.00337701803073287 
79.0 0.003944280557334423  0.0032960863318294287 
80.0 0.0039560371078550816  0.003231583395972848 
81.0 0.0035849015694111586  0.0032362942583858967 
82.0 0.0038803545758128166  0.0032361778430640697 
83.0 0.004266348201781511  0.003202494466677308 
84.0 0.003420606954023242  0.003129645250737667 
85.0 0.003532805247232318  0.003138268832117319 
86.0 0.003698531072586775  0.003106696531176567 
87.0 0.0034949290566146374  0.003080018563196063 
88.0 0.0034346957691013813  0.003037423826754093 
89.0 0.004401128273457289  0.0029916686471551657 
90.0 0.0036126121412962675  0.003014185233041644 
91.0 0.0029393003787845373  0.0029873938765376806 
92.0 0.003531630849465728  0.0029274129774421453 
93.0 0.0031091703567653894  0.002979587996378541 
94.0 0.0031186684500426054  0.0029378333128988743 
95.0 0.0032416752073913813  0.002897159429267049 
96.0 0.0032730246894061565  0.0028520238120108843 
97.0 0.0027564391493797302  0.002826338168233633 
98.0 0.003083660267293453  0.0028572967275977135 
99.0 0.0033828846644610167  0.002854130929335952 
100.0 0.003715147729963064  0.0028075033333152533 
101.0 0.002683165716007352  0.0027715021278709173 
102.0 0.002956717275083065  0.0027372234035283327 
103.0 0.0028721808921545744  0.002702202182263136 
104.0 0.002896621823310852  0.002718347357586026 
105.0 0.002908953931182623  0.0026560372207313776 
106.0 0.0025850064121186733  0.0026529778260737658 
107.0 0.002703918842598796  0.0026811212301254272 
108.0 0.0024447699543088675  0.0025560841895639896 
109.0 0.0025799686554819345  0.002531991805881262 
110.0 0.0024474819656461477  0.0025213793851435184 
111.0 0.00244083721190691  0.0024995808489620686 
112.0 0.0022068824619054794  0.0024400772526860237 
113.0 0.0026642100419849157  0.002392267109826207 
114.0 0.002333177952095866  0.002435138216242194 
115.0 0.0020895374473184347  0.002421675017103553 
116.0 0.0025255377404391766  0.0023301562760025263 
117.0 0.002299829386174679  0.0023746348451822996 
118.0 0.002187208505347371  0.002295862417668104 
119.0 0.0021469101775437593  0.002311158459633589 
120.0 0.0020181587897241116  0.002308380324393511 
121.0 0.002490247832611203  0.002259089844301343 
122.0 0.0034819934517145157  0.0022024065256118774 
123.0 0.0023616296239197254  0.0022504152730107307 
124.0 0.0020137750543653965  0.0022099711932241917 
125.0 0.0018995353020727634  0.002227677498012781 
126.0 0.002061733976006508  0.0021592045668512583 
127.0 0.002176649169996381  0.0021352553740143776 
128.0 0.0021134507842361927  0.0021142519544810057 
129.0 0.001986477058380842  0.0021163420751690865 
130.0 0.0024822026025503874  0.0021303724497556686 
131.0 0.0021840743720531464  0.002100148471072316 
132.0 0.0019839913584291935  0.002140647731721401 
133.0 0.0018476741388440132  0.0020065982826054096 
134.0 0.001986590912565589  0.002109982306137681 
135.0 0.002596742007881403  0.0019709537737071514 
136.0 0.002371016424149275  0.002046327106654644 
137.0 0.001945675816386938  0.0019399240845814347 
138.0 0.0019795799162238836  0.002030544448643923 
139.0 0.0018401427660137415  0.0019658091478049755 
140.0 0.0017291289987042546  0.0019479428883641958 
141.0 0.0033303929958492517  0.0018624005606397986 
142.0 0.0030514157842844725  0.0018865609308704734 
143.0 0.001668972079642117  0.0018951897509396076 
144.0 0.002022096421569586  0.001870831474661827 
145.0 0.0021596658043563366  0.0018783968407660723 
146.0 0.0015382209094241261  0.0018165804212912917 
147.0 0.0015718668000772595  0.0018580452306196094 
148.0 0.0015157745219767094  0.001795881544239819 
149.0 0.0020482062827795744  0.0017810509307309985 
150.0 0.0014125695452094078  0.0018033392261713743 
151.0 0.0016437155427411199  0.0018122073961421847 
152.0 0.0019748713821172714  0.0017703752964735031 
153.0 0.0016912106657400727  0.0017759446054697037 
154.0 0.002114845672622323  0.0017709502717480063 
155.0 0.0027050022035837173  0.0016777337295934558 
156.0 0.001585103920660913  0.0017622826853767037 
157.0 0.0018289596773684025  0.001707868417724967 
158.0 0.001932722982019186  0.0017180369468405843 
159.0 0.001837542513385415  0.0016516369068995118 
160.0 0.0024148907978087664  0.0016898037865757942 
161.0 0.0015627950197085738  0.0016788821667432785 
162.0 0.0017199248541146517  0.0016432765405625105 
163.0 0.0018763202242553234  0.0016394959529861808 
164.0 0.0015009412309154868  0.0016451505944132805 
165.0 0.0015545935602858663  0.001644468167796731 
166.0 0.0014895513886585832  0.0015855173114687204 
167.0 0.0019258583197370172  0.0015992270782589912 
168.0 0.0018945845076814294  0.0016225844155997038 
169.0 0.0015818849205970764  0.0015731537714600563 
170.0 0.0013021713821217418  0.00159547571092844 
171.0 0.0016347835771739483  0.001604285091161728 
172.0 0.002121211960911751  0.0015801179688423872 
173.0 0.0022960009519010782  0.0015730764716863632 
174.0 0.0013276241952553391  0.0015403879806399345 
175.0 0.0015705338446423411  0.001537011587060988 
176.0 0.0013389394152909517  0.0015730339800938964 
177.0 0.0016718137776479125  0.0015114861307665706 
178.0 0.0017059961101040244  0.0015490826917812228 
179.0 0.0014703440247103572  0.0015525681665167212 
180.0 0.0020246177446097136  0.0015349509194493294 
181.0 0.001500314916484058  0.0015341703547164798 
182.0 0.0018683306407183409  0.0015135080320760608 
183.0 0.0017327585956081748  0.0014870378654450178 
184.0 0.0015896225813776255  0.001533046830445528 
185.0 0.0020178298000246286  0.00149938790127635 
186.0 0.001704695518128574  0.001487668720073998 
187.0 0.0018847060855478048  0.0014924590941518545 
188.0 0.0015905624022707343  0.0014543774304911494 
189.0 0.0012123025953769684  0.0015023513697087765 
190.0 0.0017175533575937152  0.0014345701783895493 
191.0 0.0018610305851325393  0.0014780269702896476 
192.0 0.0018407825846225023  0.0014438184443861246 
193.0 0.0013841339386999607  0.0014661564491689205 
194.0 0.0015849212650209665  0.001486217137426138 
195.0 0.0019502557115629315  0.0014278985327109694 
196.0 0.0017016833880916238  0.0014213013928383589 
197.0 0.0019061904167756438  0.0014223161851987243 
198.0 0.0014769021654501557  0.0014451636234298348 
199.0 0.0013521655928343534  0.0014211146626621485 
