0.0 0.07609762251377106  0.13140511512756348 
1.0 0.03952525556087494  0.05103687942028046 
2.0 0.031324777752161026  0.03521503508090973 
3.0 0.029338017106056213  0.029604032635688782 
4.0 0.02450614608824253  0.026378093287348747 
5.0 0.02340705506503582  0.024046020582318306 
6.0 0.021039677783846855  0.02193894051015377 
7.0 0.01828191988170147  0.018962958827614784 
8.0 0.01525988057255745  0.01678127609193325 
9.0 0.01397479884326458  0.01510500255972147 
10.0 0.012956577353179455  0.013898704200983047 
11.0 0.011990074068307877  0.013082584366202354 
12.0 0.012021200731396675  0.012403758242726326 
13.0 0.010791754350066185  0.01185918040573597 
14.0 0.01039375364780426  0.011387776583433151 
15.0 0.009932360611855984  0.010997829958796501 
16.0 0.010365382768213749  0.01064304355531931 
17.0 0.009552069008350372  0.010343312285840511 
18.0 0.009819475002586842  0.010068291798233986 
19.0 0.010010149329900742  0.009823562577366829 
20.0 0.009604874067008495  0.009603174403309822 
21.0 0.009169093333184719  0.009412653744220734 
22.0 0.008894374594092369  0.009226306341588497 
23.0 0.008700080215930939  0.009073572233319283 
24.0 0.008776999078691006  0.008910085074603558 
25.0 0.008518995717167854  0.00877430196851492 
26.0 0.008443666622042656  0.00864217709749937 
27.0 0.00806251261383295  0.008506222628057003 
28.0 0.008338695392012596  0.008411071263253689 
29.0 0.008093382231891155  0.008295816369354725 
30.0 0.007758842781186104  0.008214019238948822 
31.0 0.007551419548690319  0.00812327116727829 
32.0 0.00799595844000578  0.008037600666284561 
33.0 0.007892073132097721  0.007956815883517265 
34.0 0.007900688797235489  0.007883669808506966 
35.0 0.007821764796972275  0.0077984933741390705 
36.0 0.007338793016970158  0.00772347766906023 
37.0 0.007653161883354187  0.007653058040887117 
38.0 0.0073126270435750484  0.007587998174130917 
39.0 0.007130865938961506  0.007539763581007719 
40.0 0.007044597994536161  0.007473296485841274 
41.0 0.007053197827190161  0.007405577693134546 
42.0 0.006831936538219452  0.007358710281550884 
43.0 0.0067583476193249226  0.007305395323783159 
44.0 0.006906924769282341  0.00725625641644001 
45.0 0.007091199979186058  0.00718317786231637 
46.0 0.007510041818022728  0.0071274517104029655 
47.0 0.007366596255451441  0.007074427325278521 
48.0 0.007466125767678022  0.007022860925644636 
49.0 0.007210158742964268  0.006971693132072687 
50.0 0.007009640336036682  0.006923527456820011 
51.0 0.00700321514159441  0.00686651561409235 
52.0 0.006849242839962244  0.006818714551627636 
53.0 0.006700250785797834  0.006783513352274895 
54.0 0.00679888715967536  0.006739058531820774 
55.0 0.006564006675034761  0.006689191330224276 
56.0 0.006907737348228693  0.006640980020165443 
57.0 0.006877118721604347  0.006615904625505209 
58.0 0.00675010634586215  0.006591144483536482 
59.0 0.006872842554003  0.006549765355885029 
60.0 0.006838629022240639  0.006513255648314953 
61.0 0.0065314145758748055  0.0064756362698972225 
62.0 0.006826391909271479  0.006449985783547163 
63.0 0.006338762119412422  0.006427144166082144 
64.0 0.006406949833035469  0.006402330007404089 
65.0 0.006220168899744749  0.006380054168403149 
66.0 0.006310014519840479  0.006346435286104679 
67.0 0.006354750599712133  0.006314768921583891 
68.0 0.006198285613209009  0.006312154699116945 
69.0 0.006382426712661982  0.006271551363170147 
70.0 0.006480449344962835  0.006247951649129391 
71.0 0.006193936802446842  0.006244543474167585 
72.0 0.006103820167481899  0.006206453312188387 
73.0 0.0063301511108875275  0.006184008903801441 
74.0 0.006104047875851393  0.006163279991596937 
75.0 0.006069204304367304  0.006146598607301712 
76.0 0.006032848265022039  0.006119975354522467 
77.0 0.005965375807136297  0.0061025358736515045 
78.0 0.00605877535417676  0.006080515217036009 
79.0 0.006102018989622593  0.006063009146600962 
80.0 0.005925318691879511  0.006040805485099554 
81.0 0.005889044143259525  0.0060187652707099915 
82.0 0.0059026312083005905  0.0059966109693050385 
83.0 0.005951533559709787  0.0059815663844347 
84.0 0.00600789487361908  0.005968536250293255 
85.0 0.005894070025533438  0.0059492578729987144 
86.0 0.0059128934517502785  0.005929519422352314 
87.0 0.0058321342803537846  0.005913246423006058 
88.0 0.0057622105814516544  0.0059058815240859985 
89.0 0.005711841396987438  0.005880324169993401 
90.0 0.005597691051661968  0.005872765090316534 
91.0 0.005768297705799341  0.005849728360772133 
92.0 0.005795515142381191  0.005836889147758484 
93.0 0.005622311495244503  0.005821750499308109 
94.0 0.005551028996706009  0.005815709941089153 
95.0 0.00551279541105032  0.0058006118051707745 
96.0 0.005703633651137352  0.005778471473604441 
97.0 0.0054884240962564945  0.005774448625743389 
98.0 0.005758027080446482  0.005745546892285347 
99.0 0.005642218980938196  0.005722647998481989 
100.0 0.005479166284203529  0.005728557240217924 
101.0 0.005509194917976856  0.005710194353014231 
102.0 0.005516843870282173  0.005695227067917585 
103.0 0.005448292475193739  0.00567694241181016 
104.0 0.005572768859565258  0.005662604700773954 
105.0 0.005351523403078318  0.005643343552947044 
106.0 0.005554658360779285  0.005622515920549631 
107.0 0.005560072138905525  0.005611257161945105 
108.0 0.005365435034036636  0.00558785255998373 
109.0 0.005397420842200518  0.005580530967563391 
110.0 0.005376909859478474  0.005561517551541328 
111.0 0.005600012373179197  0.005534294527024031 
112.0 0.005329694598913193  0.005520204082131386 
113.0 0.005321634467691183  0.005486110225319862 
114.0 0.00518161803483963  0.005452827084809542 
115.0 0.005070402752608061  0.005424859933555126 
116.0 0.005266106221824884  0.005387153942137957 
117.0 0.00503796199336648  0.005357314366847277 
118.0 0.004964812193065882  0.005314558278769255 
119.0 0.005029767286032438  0.005282108206301928 
120.0 0.004928807262331247  0.0052378177642822266 
121.0 0.00482014287263155  0.005191473755985498 
122.0 0.004978180397301912  0.005148627329617739 
123.0 0.005062110722064972  0.0051085310988128185 
124.0 0.004878434352576733  0.0050592501647770405 
125.0 0.005058109760284424  0.005034578498452902 
126.0 0.005026486236602068  0.004962606355547905 
127.0 0.004742795135825872  0.004895410034805536 
128.0 0.004798855632543564  0.004831806756556034 
129.0 0.005084714852273464  0.004773702006787062 
130.0 0.005265769083052874  0.0047044637612998486 
131.0 0.005085168406367302  0.004606998059898615 
132.0 0.005434896796941757  0.004555195569992065 
133.0 0.005950680933892727  0.004463041666895151 
134.0 0.006270790472626686  0.004384592641144991 
135.0 0.006322517525404692  0.004294739570468664 
136.0 0.005589059554040432  0.004203039221465588 
137.0 0.004853985272347927  0.00399376917630434 
138.0 0.0047727166675031185  0.0037920563481748104 
139.0 0.004550067707896233  0.0036076644901186228 
140.0 0.00439588213339448  0.0034114711452275515 
141.0 0.003975950181484222  0.003248983295634389 
142.0 0.003476705402135849  0.0030827573500573635 
143.0 0.0029275361448526382  0.0029354430735111237 
144.0 0.002653198316693306  0.002818693872541189 
145.0 0.0024594678543508053  0.002714542206376791 
146.0 0.0024059040006250143  0.002639221493154764 
147.0 0.0024212494026869535  0.0025627068243920803 
148.0 0.002379014389589429  0.0024976611603051424 
149.0 0.0022883224301040173  0.002439337084069848 
150.0 0.002298228908330202  0.0023909553419798613 
151.0 0.0024589321110397577  0.0023338841274380684 
152.0 0.002166219986975193  0.002316612284630537 
153.0 0.0023725456558167934  0.002252102131024003 
154.0 0.0023913830518722534  0.002226491691544652 
155.0 0.002386999549344182  0.0021954639814794064 
156.0 0.0024959698785096407  0.0021662332583218813 
157.0 0.002265413524582982  0.0021473090164363384 
158.0 0.0020371072459965944  0.00212481920607388 
159.0 0.0020937032531946898  0.002086781896650791 
160.0 0.0022098494227975607  0.002072177827358246 
161.0 0.0019685241859406233  0.0020666676573455334 
162.0 0.0018188375979661942  0.0020397789776325226 
163.0 0.0018098907312378287  0.0020063717383891344 
164.0 0.0017317448509857059  0.001988454256206751 
165.0 0.0017842553788796067  0.0019319062121212482 
166.0 0.0016994007164612412  0.0019133497262373567 
167.0 0.0015714789042249322  0.0019005448557436466 
168.0 0.0018913655076175928  0.001878163660876453 
169.0 0.001648539211601019  0.001871171174570918 
170.0 0.0019165490521118045  0.001823356025852263 
171.0 0.001923267263919115  0.0018186826491728425 
172.0 0.0017633887473493814  0.0018168436363339424 
173.0 0.0019422871991991997  0.0017776211025193334 
174.0 0.0019490212434902787  0.0017770928097888827 
175.0 0.0020315933506935835  0.0017499368404969573 
176.0 0.0025162736419588327  0.0017677288269624114 
177.0 0.0022708482574671507  0.0017300383187830448 
178.0 0.002510400488972664  0.0017373941373080015 
179.0 0.002222608309239149  0.0017070961184799671 
180.0 0.002500841859728098  0.0017382587539032102 
181.0 0.0020992078352719545  0.0016853178385645151 
182.0 0.0022028344683349133  0.0016820322489365935 
183.0 0.002164107747375965  0.00169128249399364 
184.0 0.002123491372913122  0.0016846766229718924 
185.0 0.0019479991169646382  0.001651995349675417 
186.0 0.0017445109551772475  0.00166152638848871 
187.0 0.0015578233869746327  0.001630888320505619 
188.0 0.0018152256961911917  0.001632934552617371 
189.0 0.001612172112800181  0.0016518525080755353 
190.0 0.0016953267622739077  0.001585563994012773 
191.0 0.0016273705987259746  0.0016009265091270208 
192.0 0.0015325600979849696  0.0015916133997961879 
193.0 0.00152392138261348  0.001600530929863453 
194.0 0.0015803962014615536  0.0015671963337808847 
195.0 0.0014058187371119857  0.0015801331028342247 
196.0 0.0015683119418099523  0.0015559340827167034 
197.0 0.0015032123774290085  0.0015445614699274302 
198.0 0.0014699383173137903  0.001543510821647942 
199.0 0.001514497329480946  0.0015377525705844164 
