0.0 0.06523184478282928  0.1004461720585823 
1.0 0.04666784033179283  0.054485879838466644 
2.0 0.034242428839206696  0.04050392657518387 
3.0 0.026277778670191765  0.029173914343118668 
4.0 0.02347545325756073  0.024198275059461594 
5.0 0.02254795841872692  0.021289650350809097 
6.0 0.02060982584953308  0.01954054832458496 
7.0 0.02027668058872223  0.018142778426408768 
8.0 0.020691094920039177  0.016967663541436195 
9.0 0.01954936608672142  0.016063755378127098 
10.0 0.0159082543104887  0.015343043953180313 
11.0 0.017015842720866203  0.014718028716742992 
12.0 0.012991302646696568  0.014235269278287888 
13.0 0.014847739599645138  0.01376690436154604 
14.0 0.013664452359080315  0.013277633115649223 
15.0 0.013430165126919746  0.012910986319184303 
16.0 0.01486850157380104  0.012492726556956768 
17.0 0.012070976197719574  0.012216884642839432 
18.0 0.012920667417347431  0.012009015306830406 
19.0 0.011165425181388855  0.011639907956123352 
20.0 0.010937769897282124  0.011263742111623287 
21.0 0.011773791164159775  0.011154196225106716 
22.0 0.010479111224412918  0.010882112197577953 
23.0 0.010845215991139412  0.010713715106248856 
24.0 0.010572015307843685  0.01053360290825367 
25.0 0.009722013957798481  0.0105353482067585 
26.0 0.009118642657995224  0.010206174105405807 
27.0 0.010305405594408512  0.010149807669222355 
28.0 0.008969630114734173  0.009825749322772026 
29.0 0.008601839654147625  0.009697702713310719 
30.0 0.00860403198748827  0.0096128573641181 
31.0 0.008097700774669647  0.009573693387210369 
32.0 0.010907054878771305  0.009446305222809315 
33.0 0.00890246219933033  0.00927658285945654 
34.0 0.008548852987587452  0.009278266690671444 
35.0 0.009442482143640518  0.009045347571372986 
36.0 0.009282524697482586  0.008868375793099403 
37.0 0.008898087777197361  0.008848587051033974 
38.0 0.00866050086915493  0.008791051805019379 
39.0 0.008011208847165108  0.008589659817516804 
40.0 0.00926328357309103  0.008403174579143524 
41.0 0.00855514407157898  0.008485008031129837 
42.0 0.008488696068525314  0.00833983812481165 
43.0 0.010556835681200027  0.008093239739537239 
44.0 0.00896448828279972  0.008100307546555996 
45.0 0.008326028473675251  0.007951227016746998 
46.0 0.007975107058882713  0.007925537414848804 
47.0 0.008233247324824333  0.007829100824892521 
48.0 0.008068136870861053  0.00767224607989192 
49.0 0.006636204198002815  0.007610465865582228 
50.0 0.007142478134483099  0.007575073279440403 
51.0 0.007091515231877565  0.007487503346055746 
52.0 0.008111020550131798  0.007378410082310438 
53.0 0.008227680809795856  0.0072646364569664 
54.0 0.007967432029545307  0.007099127862602472 
55.0 0.008149201050400734  0.00700601190328598 
56.0 0.007331990636885166  0.006949576083570719 
57.0 0.009841836988925934  0.006846099626272917 
58.0 0.007448655087500811  0.0067838202230632305 
59.0 0.008801231160759926  0.006600684951990843 
60.0 0.007970533333718777  0.006582966540008783 
61.0 0.0073707872070372105  0.006529713980853558 
62.0 0.009941067546606064  0.006364731118083 
63.0 0.007821128703653812  0.006389122921973467 
64.0 0.007357082795351744  0.006253818515688181 
65.0 0.008741856552660465  0.006169780157506466 
66.0 0.007794372737407684  0.006177376955747604 
67.0 0.006684009451419115  0.006042376160621643 
68.0 0.00887258443981409  0.00603482685983181 
69.0 0.006349328439682722  0.005924259312450886 
70.0 0.0060724434442818165  0.005832556169480085 
71.0 0.006095545832067728  0.005766094196587801 
72.0 0.005871908739209175  0.005810070782899857 
73.0 0.008600279688835144  0.005686034448444843 
74.0 0.006154773291200399  0.005624490324407816 
75.0 0.006532943807542324  0.005557454656809568 
76.0 0.006038786843419075  0.005586696323007345 
77.0 0.00638926774263382  0.005498419050127268 
78.0 0.0048222774639725685  0.0054227733053267 
79.0 0.006021976470947266  0.005452568177133799 
80.0 0.00603280495852232  0.0053557842038571835 
81.0 0.005349851679056883  0.0054023354314267635 
82.0 0.005017893388867378  0.00525615643709898 
83.0 0.00608123280107975  0.005239271093159914 
84.0 0.0051489705219864845  0.005170989315956831 
85.0 0.0062203677371144295  0.00511960918083787 
86.0 0.0050426083616912365  0.0050290548242628574 
87.0 0.006087915506213903  0.005061164032667875 
88.0 0.005504545755684376  0.004961335565894842 
89.0 0.00551724573597312  0.004917086102068424 
90.0 0.005010015796869993  0.0048372382298111916 
91.0 0.005279180593788624  0.004809923004359007 
92.0 0.004971785470843315  0.004757244139909744 
93.0 0.0047787935473024845  0.004731956869363785 
94.0 0.005040945950895548  0.004712478257715702 
95.0 0.005451322067528963  0.004659231752157211 
96.0 0.005542447324842215  0.0046081687323749065 
97.0 0.004550527781248093  0.004598498344421387 
98.0 0.005848288536071777  0.004567678086459637 
99.0 0.004391965456306934  0.004510644823312759 
100.0 0.004643854685127735  0.004528560675680637 
101.0 0.005035674665123224  0.0044104792177677155 
102.0 0.005038639064878225  0.0044117216020822525 
103.0 0.004511919338256121  0.004419377073645592 
104.0 0.004839472472667694  0.004419329110532999 
105.0 0.00508878706023097  0.004308891482651234 
106.0 0.004294654820114374  0.004302021116018295 
107.0 0.004918382037431002  0.004245986696332693 
108.0 0.00519535830244422  0.004175498150289059 
109.0 0.004229247570037842  0.004228804260492325 
110.0 0.004939212463796139  0.004246539436280727 
111.0 0.004626987036317587  0.004124774131923914 
112.0 0.0043051778338849545  0.004051931668072939 
113.0 0.004364524036645889  0.004118198994547129 
114.0 0.004232639912515879  0.004076646640896797 
115.0 0.004602310713380575  0.004036676604300737 
116.0 0.004668164998292923  0.004000208806246519 
117.0 0.004682628903537989  0.004009963013231754 
118.0 0.005254259333014488  0.003945793956518173 
119.0 0.004545462783426046  0.00400257483124733 
120.0 0.004308762028813362  0.003936827182769775 
121.0 0.004414472728967667  0.0038957507349550724 
122.0 0.005112793296575546  0.003882436780259013 
123.0 0.0038765249773859978  0.0039380816742777824 
124.0 0.004898206330835819  0.0038830649573355913 
125.0 0.004582865163683891  0.003866173792630434 
126.0 0.004071169998496771  0.0038595700170844793 
127.0 0.005012025590986013  0.003822434227913618 
128.0 0.004774804692715406  0.003821112448349595 
129.0 0.004344996064901352  0.0038297928404062986 
130.0 0.004541178233921528  0.003777078352868557 
131.0 0.00436876155436039  0.003742860397323966 
132.0 0.0038991679903119802  0.0037387781776487827 
133.0 0.0036156675778329372  0.0037255152128636837 
134.0 0.00399379525333643  0.0036734058521687984 
135.0 0.004192579537630081  0.003682559821754694 
136.0 0.0036471285857260227  0.003661316353827715 
137.0 0.004042608663439751  0.0036997797433286905 
138.0 0.003830548143014312  0.0036673906724900007 
139.0 0.003758398350328207  0.0036699376069009304 
140.0 0.004059600178152323  0.003633960848674178 
141.0 0.0035112088080495596  0.003575507551431656 
142.0 0.0040211123414337635  0.003570854663848877 
143.0 0.00376766175031662  0.003548763459548354 
144.0 0.0031972986180335283  0.0035853323061019182 
145.0 0.00409964332357049  0.0035046893171966076 
146.0 0.003837783355265856  0.0035056988708674908 
147.0 0.0032345489598810673  0.003522394457831979 
148.0 0.0038051875308156013  0.0034653095062822104 
149.0 0.0038009921554476023  0.0034562202636152506 
150.0 0.0032591531053185463  0.0034782984293997288 
151.0 0.003201402025297284  0.0034583453088998795 
152.0 0.004009139724075794  0.0034147759433835745 
153.0 0.0037293443456292152  0.003454572521150112 
154.0 0.0032892897725105286  0.0034746332094073296 
155.0 0.0032334423158317804  0.00337728438898921 
156.0 0.003227394539862871  0.003414076752960682 
157.0 0.003350781509652734  0.0033730785362422466 
158.0 0.003216685727238655  0.003356984117999673 
159.0 0.0034285231959074736  0.003372340463101864 
160.0 0.0032982376869767904  0.0033304395619779825 
161.0 0.003550505032762885  0.0033781060483306646 
162.0 0.003498573787510395  0.003327143145725131 
163.0 0.004466223996132612  0.003281464334577322 
164.0 0.003527485067024827  0.0032603899016976357 
