5000 1.203998e+01
4.975124e+03 1.203998e+01
4.950495e+03 1.203998e+01
4.926108e+03 1.203998e+01
4.901961e+03 1.203998e+01
4.878049e+03 1.203998e+01
4.854369e+03 1.203998e+01
4.830918e+03 1.203998e+01
4.807692e+03 1.203998e+01
4.784689e+03 1.203998e+01
4.761905e+03 1.203998e+01
4.739336e+03 1.203998e+01
4.716981e+03 1.203998e+01
4.694836e+03 1.203998e+01
4.672897e+03 1.203998e+01
4.651163e+03 1.203998e+01
4.629630e+03 1.203997e+01
4.608295e+03 1.203997e+01
4.587156e+03 1.203997e+01
4.566210e+03 1.203997e+01
4.545455e+03 1.203997e+01
4.524887e+03 1.203997e+01
4.504505e+03 1.203997e+01
4.484305e+03 1.203997e+01
4.464286e+03 1.203997e+01
4.444444e+03 1.203997e+01
4.424779e+03 1.203997e+01
4.405286e+03 1.203997e+01
4.385965e+03 1.203997e+01
4.366812e+03 1.203997e+01
4.347826e+03 1.203997e+01
4.329004e+03 1.203997e+01
4.310345e+03 1.203997e+01
4.291845e+03 1.203997e+01
4.273504e+03 1.203997e+01
4.255319e+03 1.203997e+01
4.237288e+03 1.203997e+01
4.219409e+03 1.203997e+01
4.201681e+03 1.203997e+01
4.184100e+03 1.203997e+01
4.166667e+03 1.203997e+01
4.149378e+03 1.203997e+01
4.132231e+03 1.203997e+01
4.115226e+03 1.203997e+01
4.098361e+03 1.203997e+01
4.081633e+03 1.203997e+01
4.065041e+03 1.203997e+01
4.048583e+03 1.203997e+01
4.032258e+03 1.203997e+01
4.016064e+03 1.203997e+01
4000 1.203997e+01
3.984064e+03 1.203997e+01
3.968254e+03 1.203997e+01
3.952569e+03 1.203997e+01
3.937008e+03 1.203996e+01
3.921569e+03 1.203996e+01
3.906250e+03 1.203996e+01
3.891051e+03 1.203996e+01
3.875969e+03 1.203996e+01
3.861004e+03 1.203996e+01
3.846154e+03 1.203996e+01
3.831418e+03 1.203996e+01
3.816794e+03 1.203996e+01
3.802281e+03 1.203996e+01
3.787879e+03 1.203996e+01
3.773585e+03 1.203996e+01
3.759398e+03 1.203996e+01
3.745318e+03 1.203996e+01
3.731343e+03 1.203996e+01
3.717472e+03 1.203996e+01
3.703704e+03 1.203996e+01
3.690037e+03 1.203996e+01
3.676471e+03 1.203996e+01
3.663004e+03 1.203996e+01
3.649635e+03 1.203996e+01
3.636364e+03 1.203996e+01
3.623188e+03 1.203996e+01
3.610108e+03 1.203996e+01
3.597122e+03 1.203996e+01
3.584229e+03 1.203996e+01
3.571429e+03 1.203996e+01
3.558719e+03 1.203996e+01
3.546099e+03 1.203996e+01
3.533569e+03 1.203996e+01
3.521127e+03 1.203996e+01
3.508772e+03 1.203996e+01
3.496503e+03 1.203996e+01
3.484321e+03 1.203995e+01
3.472222e+03 1.203995e+01
3.460208e+03 1.203995e+01
3.448276e+03 1.203995e+01
3.436426e+03 1.203995e+01
3.424658e+03 1.203995e+01
3.412969e+03 1.203995e+01
3.401361e+03 1.203995e+01
3.389831e+03 1.203995e+01
3.378378e+03 1.203995e+01
3.367003e+03 1.203995e+01
3.355705e+03 1.203995e+01
3.344482e+03 1.203995e+01
3.333333e+03 1.203995e+01
3.322259e+03 1.203995e+01
3.311258e+03 1.203995e+01
3.300330e+03 1.203995e+01
3.289474e+03 1.203995e+01
3.278689e+03 1.203995e+01
3.267974e+03 1.203995e+01
3.257329e+03 1.203995e+01
3.246753e+03 1.203995e+01
3.236246e+03 1.203995e+01
3.225806e+03 1.203995e+01
3.215434e+03 1.203995e+01
3.205128e+03 1.203995e+01
3.194888e+03 1.203995e+01
3.184713e+03 1.203995e+01
3.174603e+03 1.203994e+01
3.164557e+03 1.203994e+01
3.154574e+03 1.203994e+01
3.144654e+03 1.203994e+01
3.134796e+03 1.203994e+01
3125 1.203994e+01
3.115265e+03 1.203994e+01
3.105590e+03 1.203994e+01
3.095975e+03 1.203994e+01
3.086420e+03 1.203994e+01
3.076923e+03 1.203994e+01
3.067485e+03 1.203994e+01
3.058104e+03 1.203994e+01
3.048780e+03 1.203994e+01
3.039514e+03 1.203994e+01
3.030303e+03 1.203994e+01
3.021148e+03 1.203994e+01
3.012048e+03 1.203994e+01
3.003003e+03 1.203994e+01
2.994012e+03 1.203994e+01
2.985075e+03 1.203994e+01
2.976190e+03 1.203994e+01
2.967359e+03 1.203994e+01
2.958580e+03 1.203994e+01
2.949853e+03 1.203994e+01
2.941176e+03 1.203994e+01
2.932551e+03 1.203993e+01
2.923977e+03 1.203993e+01
2.915452e+03 1.203993e+01
2.906977e+03 1.203993e+01
2.898551e+03 1.203993e+01
2.890173e+03 1.203993e+01
2.881844e+03 1.203993e+01
2.873563e+03 1.203993e+01
2.865330e+03 1.203993e+01
2.857143e+03 1.203993e+01
2.849003e+03 1.203993e+01
2.840909e+03 1.203993e+01
2.832861e+03 1.203993e+01
2.824859e+03 1.203993e+01
2.816901e+03 1.203993e+01
2.808989e+03 1.203993e+01
2.801120e+03 1.203993e+01
2.793296e+03 1.203993e+01
2.785515e+03 1.203993e+01
2.777778e+03 1.203993e+01
2.770083e+03 1.203993e+01
2.762431e+03 1.203993e+01
2.754821e+03 1.203993e+01
2.747253e+03 1.203993e+01
2.739726e+03 1.203992e+01
2.732240e+03 1.203992e+01
2.724796e+03 1.203992e+01
2.717391e+03 1.203992e+01
2.710027e+03 1.203992e+01
2.702703e+03 1.203992e+01
2.695418e+03 1.203992e+01
2.688172e+03 1.203992e+01
2.680965e+03 1.203992e+01
2.673797e+03 1.203992e+01
2.666667e+03 1.203992e+01
2.659574e+03 1.203992e+01
2.652520e+03 1.203992e+01
2.645503e+03 1.203992e+01
2.638522e+03 1.203992e+01
2.631579e+03 1.203992e+01
2.624672e+03 1.203992e+01
2.617801e+03 1.203992e+01
2.610966e+03 1.203992e+01
2.604167e+03 1.203992e+01
2.597403e+03 1.203992e+01
2.590674e+03 1.203992e+01
2.583979e+03 1.203991e+01
2.577320e+03 1.203991e+01
2.570694e+03 1.203991e+01
2.564103e+03 1.203991e+01
2.557545e+03 1.203991e+01
2.551020e+03 1.203991e+01
2.544529e+03 1.203991e+01
2.538071e+03 1.203991e+01
2.531646e+03 1.203991e+01
2.525253e+03 1.203991e+01
2.518892e+03 1.203991e+01
2.512563e+03 1.203991e+01
2.506266e+03 1.203991e+01
2500 1.203991e+01
2.493766e+03 1.203991e+01
2.487562e+03 1.203991e+01
2.481390e+03 1.203991e+01
2.475248e+03 1.203991e+01
2.469136e+03 1.203991e+01
2.463054e+03 1.203991e+01
2.457002e+03 1.203990e+01
2.450980e+03 1.203990e+01
2.444988e+03 1.203990e+01
2.439024e+03 1.203990e+01
2.433090e+03 1.203990e+01
2.427184e+03 1.203990e+01
2.421308e+03 1.203990e+01
2.415459e+03 1.203990e+01
2.409639e+03 1.203990e+01
2.403846e+03 1.203990e+01
2.398082e+03 1.203990e+01
2.392344e+03 1.203990e+01
2.386635e+03 1.203990e+01
2.380952e+03 1.203990e+01
2.375297e+03 1.203990e+01
2.369668e+03 1.203990e+01
2.364066e+03 1.203990e+01
2.358491e+03 1.203990e+01
2.352941e+03 1.203990e+01
2.347418e+03 1.203989e+01
2.341920e+03 1.203989e+01
2.336449e+03 1.203989e+01
2.331002e+03 1.203989e+01
2.325581e+03 1.203989e+01
2.320186e+03 1.203989e+01
2.314815e+03 1.203989e+01
2.309469e+03 1.203989e+01
2.304147e+03 1.203989e+01
2.298851e+03 1.203989e+01
2.293578e+03 1.203989e+01
2.288330e+03 1.203989e+01
2.283105e+03 1.203989e+01
2.277904e+03 1.203989e+01
2.272727e+03 1.203989e+01
2.267574e+03 1.203989e+01
2.262443e+03 1.203989e+01
2.257336e+03 1.203988e+01
2.252252e+03 1.203988e+01
2.247191e+03 1.203988e+01
2.242152e+03 1.203988e+01
2.237136e+03 1.203988e+01
2.232143e+03 1.203988e+01
2.227171e+03 1.203988e+01
2.222222e+03 1.203988e+01
2.217295e+03 1.203988e+01
2.212389e+03 1.203988e+01
2.207506e+03 1.203988e+01
2.202643e+03 1.203988e+01
2.197802e+03 1.203988e+01
2.192982e+03 1.203988e+01
2.188184e+03 1.203988e+01
2.183406e+03 1.203988e+01
2.178649e+03 1.203988e+01
2.173913e+03 1.203987e+01
2.169197e+03 1.203987e+01
2.164502e+03 1.203987e+01
2.159827e+03 1.203987e+01
2.155172e+03 1.203987e+01
2.150538e+03 1.203987e+01
2.145923e+03 1.203987e+01
2.141328e+03 1.203987e+01
2.136752e+03 1.203987e+01
2.132196e+03 1.203987e+01
2.127660e+03 1.203987e+01
2.123142e+03 1.203987e+01
2.118644e+03 1.203987e+01
2.114165e+03 1.203987e+01
2.109705e+03 1.203987e+01
2.105263e+03 1.203987e+01
2.100840e+03 1.203986e+01
2.096436e+03 1.203986e+01
2.092050e+03 1.203986e+01
2.087683e+03 1.203986e+01
2.083333e+03 1.203986e+01
2.079002e+03 1.203986e+01
2.074689e+03 1.203986e+01
2.070393e+03 1.203986e+01
2.066116e+03 1.203986e+01
2.061856e+03 1.203986e+01
2.057613e+03 1.203986e+01
2.053388e+03 1.203986e+01
2.049180e+03 1.203986e+01
2.044990e+03 1.203986e+01
2.040816e+03 1.203986e+01
2.036660e+03 1.203985e+01
2.032520e+03 1.203985e+01
2.028398e+03 1.203985e+01
2.024291e+03 1.203985e+01
2.020202e+03 1.203985e+01
2.016129e+03 1.203985e+01
2.012072e+03 1.203985e+01
2.008032e+03 1.203985e+01
2.004008e+03 1.203985e+01
2000 1.203985e+01
1.996008e+03 1.203985e+01
1.992032e+03 1.203985e+01
1.988072e+03 1.203985e+01
1.984127e+03 1.203985e+01
1.980198e+03 1.203984e+01
1.976285e+03 1.203984e+01
1.972387e+03 1.203984e+01
1.968504e+03 1.203984e+01
1.964637e+03 1.203984e+01
1.960784e+03 1.203984e+01
1.956947e+03 1.203984e+01
1.953125e+03 1.203984e+01
1.949318e+03 1.203984e+01
1.945525e+03 1.203984e+01
1.941748e+03 1.203984e+01
1.937984e+03 1.203984e+01
1.934236e+03 1.203984e+01
1.930502e+03 1.203984e+01
1.926782e+03 1.203983e+01
1.923077e+03 1.203983e+01
1.919386e+03 1.203983e+01
1.915709e+03 1.203983e+01
1.912046e+03 1.203983e+01
1.908397e+03 1.203983e+01
1.904762e+03 1.203983e+01
1.901141e+03 1.203983e+01
1.897533e+03 1.203983e+01
1.893939e+03 1.203983e+01
1.890359e+03 1.203983e+01
1.886792e+03 1.203983e+01
1.883239e+03 1.203983e+01
1.879699e+03 1.203982e+01
1.876173e+03 1.203982e+01
1.872659e+03 1.203982e+01
1.869159e+03 1.203982e+01
1.865672e+03 1.203982e+01
1.862197e+03 1.203982e+01
1.858736e+03 1.203982e+01
1.855288e+03 1.203982e+01
1.851852e+03 1.203982e+01
1.848429e+03 1.203982e+01
1.845018e+03 1.203982e+01
1.841621e+03 1.203982e+01
1.838235e+03 1.203982e+01
1.834862e+03 1.203981e+01
1.831502e+03 1.203981e+01
1.828154e+03 1.203981e+01
1.824818e+03 1.203981e+01
1.821494e+03 1.203981e+01
1.818182e+03 1.203981e+01
1.814882e+03 1.203981e+01
1.811594e+03 1.203981e+01
1.808318e+03 1.203981e+01
1.805054e+03 1.203981e+01
1.801802e+03 1.203981e+01
1.798561e+03 1.203981e+01
1.795332e+03 1.203980e+01
1.792115e+03 1.203980e+01
1.788909e+03 1.203980e+01
1.785714e+03 1.203980e+01
1.782531e+03 1.203980e+01
1.779359e+03 1.203980e+01
1.776199e+03 1.203980e+01
1.773050e+03 1.203980e+01
1.769912e+03 1.203980e+01
1.766784e+03 1.203980e+01
1.763668e+03 1.203980e+01
1.760563e+03 1.203979e+01
1.757469e+03 1.203979e+01
1.754386e+03 1.203979e+01
1.751313e+03 1.203979e+01
1.748252e+03 1.203979e+01
1.745201e+03 1.203979e+01
1.742160e+03 1.203979e+01
1.739130e+03 1.203979e+01
1.736111e+03 1.203979e+01
1.733102e+03 1.203979e+01
1.730104e+03 1.203979e+01
1.727116e+03 1.203978e+01
1.724138e+03 1.203978e+01
1.721170e+03 1.203978e+01
1.718213e+03 1.203978e+01
1.715266e+03 1.203978e+01
1.712329e+03 1.203978e+01
1.709402e+03 1.203978e+01
1.706485e+03 1.203978e+01
1.703578e+03 1.203978e+01
1.700680e+03 1.203978e+01
1.697793e+03 1.203978e+01
1.694915e+03 1.203977e+01
1.692047e+03 1.203977e+01
1.689189e+03 1.203977e+01
1.686341e+03 1.203977e+01
1.683502e+03 1.203977e+01
1.680672e+03 1.203977e+01
1.677852e+03 1.203977e+01
1.675042e+03 1.203977e+01
1.672241e+03 1.203977e+01
1.669449e+03 1.203977e+01
1.666667e+03 1.203976e+01
1.663894e+03 1.203976e+01
1.661130e+03 1.203976e+01
1.658375e+03 1.203976e+01
1.655629e+03 1.203976e+01
1.652893e+03 1.203976e+01
1.650165e+03 1.203976e+01
1.647446e+03 1.203976e+01
1.644737e+03 1.203976e+01
1.642036e+03 1.203976e+01
1.639344e+03 1.203975e+01
1.636661e+03 1.203975e+01
1.633987e+03 1.203975e+01
1.631321e+03 1.203975e+01
1.628664e+03 1.203975e+01
1.626016e+03 1.203975e+01
1.623377e+03 1.203975e+01
1.620746e+03 1.203975e+01
1.618123e+03 1.203975e+01
1.615509e+03 1.203975e+01
1.612903e+03 1.203974e+01
1.610306e+03 1.203974e+01
1.607717e+03 1.203974e+01
1.605136e+03 1.203974e+01
1.602564e+03 1.203974e+01
1600 1.203974e+01
1.597444e+03 1.203974e+01
1.594896e+03 1.203974e+01
1.592357e+03 1.203974e+01
1.589825e+03 1.203973e+01
1.587302e+03 1.203973e+01
1.584786e+03 1.203973e+01
1.582278e+03 1.203973e+01
1.579779e+03 1.203973e+01
1.577287e+03 1.203973e+01
1.574803e+03 1.203973e+01
1.572327e+03 1.203973e+01
1.569859e+03 1.203973e+01
1.567398e+03 1.203972e+01
1.564945e+03 1.203972e+01
1.562500e+03 1.203972e+01
1.560062e+03 1.203972e+01
1.557632e+03 1.203972e+01
1.555210e+03 1.203972e+01
1.552795e+03 1.203972e+01
1.550388e+03 1.203972e+01
1.547988e+03 1.203972e+01
1.545595e+03 1.203971e+01
1.543210e+03 1.203971e+01
1.540832e+03 1.203971e+01
1.538462e+03 1.203971e+01
1.536098e+03 1.203971e+01
1.533742e+03 1.203971e+01
1.531394e+03 1.203971e+01
1.529052e+03 1.203971e+01
1.526718e+03 1.203970e+01
1.524390e+03 1.203970e+01
1.522070e+03 1.203970e+01
1.519757e+03 1.203970e+01
1.517451e+03 1.203970e+01
1.515152e+03 1.203970e+01
1.512859e+03 1.203970e+01
1.510574e+03 1.203970e+01
1.508296e+03 1.203969e+01
1.506024e+03 1.203969e+01
1.503759e+03 1.203969e+01
1.501502e+03 1.203969e+01
1.499250e+03 1.203969e+01
1.497006e+03 1.203969e+01
1.494768e+03 1.203969e+01
1.492537e+03 1.203969e+01
1.490313e+03 1.203968e+01
1.488095e+03 1.203968e+01
1.485884e+03 1.203968e+01
1.483680e+03 1.203968e+01
1.481481e+03 1.203968e+01
1.479290e+03 1.203968e+01
1.477105e+03 1.203968e+01
1.474926e+03 1.203967e+01
1.472754e+03 1.203967e+01
1.470588e+03 1.203967e+01
1.468429e+03 1.203967e+01
1.466276e+03 1.203967e+01
1.464129e+03 1.203967e+01
1.461988e+03 1.203967e+01
1.459854e+03 1.203967e+01
1.457726e+03 1.203966e+01
1.455604e+03 1.203966e+01
1.453488e+03 1.203966e+01
1.451379e+03 1.203966e+01
1.449275e+03 1.203966e+01
1.447178e+03 1.203966e+01
1.445087e+03 1.203966e+01
1.443001e+03 1.203965e+01
1.440922e+03 1.203965e+01
1.438849e+03 1.203965e+01
1.436782e+03 1.203965e+01
1.434720e+03 1.203965e+01
1.432665e+03 1.203965e+01
1.430615e+03 1.203965e+01
1.428571e+03 1.203964e+01
1.426534e+03 1.203964e+01
1.424501e+03 1.203964e+01
1.422475e+03 1.203964e+01
1.420455e+03 1.203964e+01
1.418440e+03 1.203964e+01
1.416431e+03 1.203963e+01
1.414427e+03 1.203963e+01
1.412429e+03 1.203963e+01
1.410437e+03 1.203963e+01
1.408451e+03 1.203963e+01
1.406470e+03 1.203963e+01
1.404494e+03 1.203963e+01
1.402525e+03 1.203962e+01
1.400560e+03 1.203962e+01
1.398601e+03 1.203962e+01
1.396648e+03 1.203962e+01
1.394700e+03 1.203962e+01
1.392758e+03 1.203962e+01
1.390821e+03 1.203961e+01
1.388889e+03 1.203961e+01
1.386963e+03 1.203961e+01
1.385042e+03 1.203961e+01
1.383126e+03 1.203961e+01
1.381215e+03 1.203961e+01
1.379310e+03 1.203960e+01
1.377410e+03 1.203960e+01
1.375516e+03 1.203960e+01
1.373626e+03 1.203960e+01
1.371742e+03 1.203960e+01
1.369863e+03 1.203960e+01
1.367989e+03 1.203959e+01
1.366120e+03 1.203959e+01
1.364256e+03 1.203959e+01
1.362398e+03 1.203959e+01
1.360544e+03 1.203959e+01
1.358696e+03 1.203959e+01
1.356852e+03 1.203958e+01
1.355014e+03 1.203958e+01
1.353180e+03 1.203958e+01
1.351351e+03 1.203958e+01
1.349528e+03 1.203958e+01
1.347709e+03 1.203957e+01
1.345895e+03 1.203957e+01
1.344086e+03 1.203957e+01
1.342282e+03 1.203957e+01
1.340483e+03 1.203957e+01
1.338688e+03 1.203956e+01
1.336898e+03 1.203956e+01
1.335113e+03 1.203956e+01
1.333333e+03 1.203956e+01
1.331558e+03 1.203956e+01
1.329787e+03 1.203956e+01
1.328021e+03 1.203955e+01
1.326260e+03 1.203955e+01
1.324503e+03 1.203955e+01
1.322751e+03 1.203955e+01
1.321004e+03 1.203955e+01
1.319261e+03 1.203954e+01
1.317523e+03 1.203954e+01
1.315789e+03 1.203954e+01
1.314060e+03 1.203954e+01
1.312336e+03 1.203953e+01
1.310616e+03 1.203953e+01
1.308901e+03 1.203953e+01
1.307190e+03 1.203953e+01
1.305483e+03 1.203953e+01
1.303781e+03 1.203952e+01
1.302083e+03 1.203952e+01
1.300390e+03 1.203952e+01
1.298701e+03 1.203952e+01
1.297017e+03 1.203952e+01
1.295337e+03 1.203951e+01
1.293661e+03 1.203951e+01
1.291990e+03 1.203951e+01
1.290323e+03 1.203951e+01
1.288660e+03 1.203950e+01
1.287001e+03 1.203950e+01
1.285347e+03 1.203950e+01
1.283697e+03 1.203950e+01
1.282051e+03 1.203949e+01
1.280410e+03 1.203949e+01
1.278772e+03 1.203949e+01
1.277139e+03 1.203949e+01
1.275510e+03 1.203949e+01
1.273885e+03 1.203948e+01
1.272265e+03 1.203948e+01
1.270648e+03 1.203948e+01
1.269036e+03 1.203948e+01
1.267427e+03 1.203947e+01
1.265823e+03 1.203947e+01
1.264223e+03 1.203947e+01
1.262626e+03 1.203946e+01
1.261034e+03 1.203946e+01
1.259446e+03 1.203946e+01
1.257862e+03 1.203946e+01
1.256281e+03 1.203945e+01
1.254705e+03 1.203945e+01
1.253133e+03 1.203945e+01
1.251564e+03 1.203945e+01
1250 1.203944e+01
1.248439e+03 1.203944e+01
1.246883e+03 1.203944e+01
1.245330e+03 1.203943e+01
1.243781e+03 1.203943e+01
1.242236e+03 1.203943e+01
1.240695e+03 1.203943e+01
1.239157e+03 1.203942e+01
1.237624e+03 1.203942e+01
1.236094e+03 1.203942e+01
1.234568e+03 1.203941e+01
1.233046e+03 1.203941e+01
1.231527e+03 1.203941e+01
1.230012e+03 1.203940e+01
1.228501e+03 1.203940e+01
1.226994e+03 1.203940e+01
1.225490e+03 1.203939e+01
1.223990e+03 1.203939e+01
1.222494e+03 1.203939e+01
1.221001e+03 1.203938e+01
1.219512e+03 1.203938e+01
1.218027e+03 1.203938e+01
1.216545e+03 1.203937e+01
1.215067e+03 1.203937e+01
1.213592e+03 1.203937e+01
1.212121e+03 1.203936e+01
1.210654e+03 1.203936e+01
1.209190e+03 1.203935e+01
1.207729e+03 1.203935e+01
1.206273e+03 1.203935e+01
1.204819e+03 1.203934e+01
1.203369e+03 1.203934e+01
1.201923e+03 1.203933e+01
1.200480e+03 1.203933e+01
1.199041e+03 1.203932e+01
1.197605e+03 1.203932e+01
1.196172e+03 1.203932e+01
1.194743e+03 1.203931e+01
1.193317e+03 1.203931e+01
1.191895e+03 1.203930e+01
1.190476e+03 1.203930e+01
1.189061e+03 1.203929e+01
1.187648e+03 1.203929e+01
1.186240e+03 1.203928e+01
1.184834e+03 1.203928e+01
1.183432e+03 1.203927e+01
1.182033e+03 1.203927e+01
1.180638e+03 1.203926e+01
1.179245e+03 1.203926e+01
1.177856e+03 1.203925e+01
1.176471e+03 1.203924e+01
1.175088e+03 1.203924e+01
1.173709e+03 1.203923e+01
1.172333e+03 1.203922e+01
1.170960e+03 1.203922e+01
1.169591e+03 1.203921e+01
1.168224e+03 1.203920e+01
1.166861e+03 1.203920e+01
1.165501e+03 1.203919e+01
1.164144e+03 1.203918e+01
1.162791e+03 1.203918e+01
1.161440e+03 1.203917e+01
1.160093e+03 1.203916e+01
1.158749e+03 1.203915e+01
1.157407e+03 1.203914e+01
1.156069e+03 1.203913e+01
1.154734e+03 1.203912e+01
1.153403e+03 1.203911e+01
1.152074e+03 1.203911e+01
1.150748e+03 1.203909e+01
1.149425e+03 1.203908e+01
1.148106e+03 1.203907e+01
1.146789e+03 1.203906e+01
1.145475e+03 1.203905e+01
1.144165e+03 1.203904e+01
1.142857e+03 1.203903e+01
1.141553e+03 1.203901e+01
1.140251e+03 1.203900e+01
1.138952e+03 1.203898e+01
1.137656e+03 1.203897e+01
1.136364e+03 1.203895e+01
1.135074e+03 1.203894e+01
1.133787e+03 1.203892e+01
1.132503e+03 1.203890e+01
1.131222e+03 1.203889e+01
1.129944e+03 1.203887e+01
1.128668e+03 1.203885e+01
1.127396e+03 1.203883e+01
1.126126e+03 1.203881e+01
1.124859e+03 1.203879e+01
1.123596e+03 1.203877e+01
1.122334e+03 1.203876e+01
1.121076e+03 1.203874e+01
1.119821e+03 1.203873e+01
1.118568e+03 1.203872e+01
1.117318e+03 1.203872e+01
1.116071e+03 1.203872e+01
1.114827e+03 1.203874e+01
1.113586e+03 1.203877e+01
1.112347e+03 1.203881e+01
1.111111e+03 1.203887e+01
1.109878e+03 1.203896e+01
1.108647e+03 1.203905e+01
1.107420e+03 1.203917e+01
1.106195e+03 1.203929e+01
1.104972e+03 1.203942e+01
1.103753e+03 1.203953e+01
1.102536e+03 1.203964e+01
1.101322e+03 1.203973e+01
1.100110e+03 1.203980e+01
1.098901e+03 1.203985e+01
1.097695e+03 1.203988e+01
1.096491e+03 1.203991e+01
1.095290e+03 1.203992e+01
1.094092e+03 1.203992e+01
1.092896e+03 1.203991e+01
1.091703e+03 1.203990e+01
1.090513e+03 1.203989e+01
1.089325e+03 1.203987e+01
1.088139e+03 1.203986e+01
1.086957e+03 1.203984e+01
1.085776e+03 1.203982e+01
1.084599e+03 1.203980e+01
1.083424e+03 1.203978e+01
1.082251e+03 1.203977e+01
1.081081e+03 1.203975e+01
1.079914e+03 1.203973e+01
1.078749e+03 1.203971e+01
1.077586e+03 1.203970e+01
1.076426e+03 1.203968e+01
1.075269e+03 1.203967e+01
1.074114e+03 1.203965e+01
1.072961e+03 1.203964e+01
1.071811e+03 1.203962e+01
1.070664e+03 1.203961e+01
1.069519e+03 1.203960e+01
1.068376e+03 1.203959e+01
1.067236e+03 1.203957e+01
1.066098e+03 1.203956e+01
1.064963e+03 1.203955e+01
1.063830e+03 1.203954e+01
1.062699e+03 1.203953e+01
1.061571e+03 1.203952e+01
1.060445e+03 1.203951e+01
1.059322e+03 1.203950e+01
1.058201e+03 1.203949e+01
1.057082e+03 1.203948e+01
1.055966e+03 1.203947e+01
1.054852e+03 1.203946e+01
1.053741e+03 1.203945e+01
1.052632e+03 1.203944e+01
1.051525e+03 1.203943e+01
1.050420e+03 1.203943e+01
1.049318e+03 1.203942e+01
1.048218e+03 1.203941e+01
1.047120e+03 1.203940e+01
1.046025e+03 1.203939e+01
1.044932e+03 1.203939e+01
1.043841e+03 1.203938e+01
1.042753e+03 1.203937e+01
1.041667e+03 1.203936e+01
1.040583e+03 1.203936e+01
1.039501e+03 1.203935e+01
1.038422e+03 1.203934e+01
1.037344e+03 1.203933e+01
1.036269e+03 1.203933e+01
1.035197e+03 1.203932e+01
1.034126e+03 1.203931e+01
1.033058e+03 1.203931e+01
1.031992e+03 1.203930e+01
1.030928e+03 1.203929e+01
1.029866e+03 1.203929e+01
1.028807e+03 1.203928e+01
1.027749e+03 1.203927e+01
1.026694e+03 1.203927e+01
1.025641e+03 1.203926e+01
1.024590e+03 1.203925e+01
1.023541e+03 1.203925e+01
1.022495e+03 1.203924e+01
1.021450e+03 1.203923e+01
1.020408e+03 1.203923e+01
1.019368e+03 1.203922e+01
1.018330e+03 1.203922e+01
1.017294e+03 1.203921e+01
1.016260e+03 1.203920e+01
1.015228e+03 1.203920e+01
1.014199e+03 1.203919e+01
1.013171e+03 1.203918e+01
1.012146e+03 1.203918e+01
1.011122e+03 1.203917e+01
1.010101e+03 1.203917e+01
1.009082e+03 1.203916e+01
1.008065e+03 1.203915e+01
1.007049e+03 1.203915e+01
1.006036e+03 1.203914e+01
1.005025e+03 1.203914e+01
1.004016e+03 1.203913e+01
1.003009e+03 1.203912e+01
1.002004e+03 1.203912e+01
1.001001e+03 1.203911e+01
1000 1.203911e+01
9.990010e+02 1.203910e+01
9.980040e+02 1.203909e+01
9.970090e+02 1.203909e+01
9.960159e+02 1.203908e+01
9.950249e+02 1.203908e+01
9.940358e+02 1.203907e+01
9.930487e+02 1.203906e+01
9.920635e+02 1.203906e+01
9.910803e+02 1.203905e+01
9.900990e+02 1.203905e+01
9.891197e+02 1.203904e+01
9.881423e+02 1.203903e+01
9.871668e+02 1.203903e+01
9.861933e+02 1.203902e+01
9.852217e+02 1.203902e+01
9.842520e+02 1.203901e+01
9.832842e+02 1.203900e+01
9.823183e+02 1.203900e+01
9.813543e+02 1.203899e+01
9.803922e+02 1.203899e+01
9.794319e+02 1.203898e+01
9.784736e+02 1.203897e+01
9.775171e+02 1.203897e+01
9.765625e+02 1.203896e+01
9.756098e+02 1.203896e+01
9.746589e+02 1.203895e+01
9.737098e+02 1.203894e+01
9.727626e+02 1.203894e+01
9.718173e+02 1.203893e+01
9.708738e+02 1.203893e+01
9.699321e+02 1.203892e+01
9.689922e+02 1.203891e+01
9.680542e+02 1.203891e+01
9.671180e+02 1.203890e+01
9.661836e+02 1.203890e+01
9.652510e+02 1.203889e+01
9.643202e+02 1.203888e+01
9.633911e+02 1.203888e+01
9.624639e+02 1.203887e+01
9.615385e+02 1.203887e+01
9.606148e+02 1.203886e+01
9.596929e+02 1.203886e+01
9.587728e+02 1.203885e+01
9.578544e+02 1.203884e+01
9.569378e+02 1.203884e+01
9.560229e+02 1.203883e+01
9.551098e+02 1.203883e+01
9.541985e+02 1.203882e+01
9.532888e+02 1.203882e+01
9.523810e+02 1.203881e+01
9.514748e+02 1.203881e+01
9.505703e+02 1.203880e+01
9.496676e+02 1.203880e+01
9.487666e+02 1.203879e+01
9.478673e+02 1.203879e+01
9.469697e+02 1.203878e+01
9.460738e+02 1.203878e+01
9.451796e+02 1.203877e+01
9.442871e+02 1.203877e+01
9.433962e+02 1.203877e+01
9.425071e+02 1.203876e+01
9.416196e+02 1.203876e+01
9.407338e+02 1.203875e+01
9.398496e+02 1.203875e+01
9.389671e+02 1.203875e+01
9.380863e+02 1.203874e+01
9.372071e+02 1.203874e+01
9.363296e+02 1.203874e+01
9.354537e+02 1.203873e+01
9.345794e+02 1.203873e+01
9.337068e+02 1.203873e+01
9.328358e+02 1.203873e+01
9.319664e+02 1.203873e+01
9.310987e+02 1.203872e+01
9.302326e+02 1.203872e+01
9.293680e+02 1.203872e+01
9.285051e+02 1.203872e+01
9.276438e+02 1.203872e+01
9.267841e+02 1.203872e+01
9.259259e+02 1.203872e+01
9.250694e+02 1.203872e+01
9.242144e+02 1.203872e+01
9.233610e+02 1.203872e+01
9.225092e+02 1.203872e+01
9.216590e+02 1.203873e+01
9.208103e+02 1.203873e+01
9.199632e+02 1.203873e+01
9.191176e+02 1.203874e+01
9.182736e+02 1.203874e+01
9.174312e+02 1.203874e+01
9.165903e+02 1.203875e+01
9.157509e+02 1.203875e+01
9.149131e+02 1.203876e+01
9.140768e+02 1.203876e+01
9.132420e+02 1.203877e+01
9.124088e+02 1.203878e+01
9.115770e+02 1.203878e+01
9.107468e+02 1.203879e+01
9.099181e+02 1.203880e+01
9.090909e+02 1.203881e+01
9.082652e+02 1.203882e+01
9.074410e+02 1.203883e+01
9.066183e+02 1.203883e+01
9.057971e+02 1.203885e+01
9.049774e+02 1.203886e+01
9.041591e+02 1.203887e+01
9.033424e+02 1.203888e+01
9.025271e+02 1.203889e+01
9.017133e+02 1.203890e+01
9.009009e+02 1.203892e+01
9.000900e+02 1.203893e+01
8.992806e+02 1.203894e+01
8.984726e+02 1.203896e+01
8.976661e+02 1.203897e+01
8.968610e+02 1.203898e+01
8.960573e+02 1.203900e+01
8.952551e+02 1.203901e+01
8.944544e+02 1.203903e+01
8.936550e+02 1.203904e+01
8.928571e+02 1.203906e+01
8.920607e+02 1.203908e+01
8.912656e+02 1.203909e+01
8.904720e+02 1.203911e+01
8.896797e+02 1.203912e+01
8.888889e+02 1.203914e+01
8.880995e+02 1.203915e+01
8.873114e+02 1.203917e+01
8.865248e+02 1.203919e+01
8.857396e+02 1.203920e+01
8.849558e+02 1.203922e+01
8.841733e+02 1.203923e+01
8.833922e+02 1.203925e+01
8.826125e+02 1.203926e+01
8.818342e+02 1.203928e+01
8.810573e+02 1.203929e+01
8.802817e+02 1.203930e+01
8.795075e+02 1.203932e+01
8.787346e+02 1.203933e+01
8.779631e+02 1.203934e+01
8.771930e+02 1.203936e+01
8.764242e+02 1.203937e+01
8.756567e+02 1.203938e+01
8.748906e+02 1.203939e+01
8.741259e+02 1.203940e+01
8.733624e+02 1.203941e+01
8.726003e+02 1.203942e+01
8.718396e+02 1.203943e+01
8.710801e+02 1.203944e+01
8.703220e+02 1.203945e+01
8.695652e+02 1.203946e+01
8.688097e+02 1.203947e+01
8.680556e+02 1.203947e+01
8.673027e+02 1.203948e+01
8.665511e+02 1.203949e+01
8.658009e+02 1.203949e+01
8.650519e+02 1.203950e+01
8.643042e+02 1.203950e+01
8.635579e+02 1.203951e+01
8.628128e+02 1.203951e+01
8.620690e+02 1.203951e+01
8.613264e+02 1.203952e+01
8.605852e+02 1.203952e+01
8.598452e+02 1.203952e+01
8.591065e+02 1.203953e+01
8.583691e+02 1.203953e+01
8.576329e+02 1.203953e+01
8.568980e+02 1.203953e+01
8.561644e+02 1.203953e+01
8.554320e+02 1.203953e+01
8.547009e+02 1.203953e+01
8.539710e+02 1.203953e+01
8.532423e+02 1.203953e+01
8.525149e+02 1.203953e+01
8.517888e+02 1.203953e+01
8.510638e+02 1.203952e+01
8.503401e+02 1.203952e+01
8.496177e+02 1.203952e+01
8.488964e+02 1.203952e+01
8.481764e+02 1.203952e+01
8.474576e+02 1.203951e+01
8.467401e+02 1.203951e+01
8.460237e+02 1.203951e+01
8.453085e+02 1.203950e+01
8.445946e+02 1.203950e+01
8.438819e+02 1.203949e+01
8.431703e+02 1.203949e+01
8.424600e+02 1.203948e+01
8.417508e+02 1.203948e+01
8.410429e+02 1.203948e+01
8.403361e+02 1.203947e+01
8.396306e+02 1.203946e+01
8.389262e+02 1.203946e+01
8.382230e+02 1.203945e+01
8.375209e+02 1.203945e+01
8.368201e+02 1.203944e+01
8.361204e+02 1.203944e+01
8.354219e+02 1.203943e+01
8.347245e+02 1.203942e+01
8.340284e+02 1.203942e+01
8.333333e+02 1.203941e+01
8.326395e+02 1.203940e+01
8.319468e+02 1.203940e+01
8.312552e+02 1.203939e+01
8.305648e+02 1.203938e+01
8.298755e+02 1.203938e+01
8.291874e+02 1.203937e+01
8.285004e+02 1.203936e+01
8.278146e+02 1.203935e+01
8.271299e+02 1.203935e+01
8.264463e+02 1.203934e+01
8.257638e+02 1.203933e+01
8.250825e+02 1.203932e+01
8.244023e+02 1.203931e+01
8.237232e+02 1.203931e+01
8.230453e+02 1.203930e+01
8.223684e+02 1.203929e+01
8.216927e+02 1.203928e+01
8.210181e+02 1.203927e+01
8.203445e+02 1.203926e+01
8.196721e+02 1.203926e+01
8.190008e+02 1.203925e+01
8.183306e+02 1.203924e+01
8.176615e+02 1.203923e+01
8.169935e+02 1.203922e+01
8.163265e+02 1.203921e+01
8.156607e+02 1.203920e+01
8.149959e+02 1.203919e+01
8.143322e+02 1.203919e+01
8.136697e+02 1.203918e+01
8.130081e+02 1.203917e+01
8.123477e+02 1.203916e+01
8.116883e+02 1.203915e+01
8.110300e+02 1.203914e+01
8.103728e+02 1.203913e+01
8.097166e+02 1.203912e+01
8.090615e+02 1.203911e+01
8.084074e+02 1.203910e+01
8.077544e+02 1.203909e+01
8.071025e+02 1.203908e+01
8.064516e+02 1.203907e+01
8.058018e+02 1.203906e+01
8.051530e+02 1.203905e+01
8.045052e+02 1.203904e+01
8.038585e+02 1.203903e+01
8.032129e+02 1.203902e+01
8.025682e+02 1.203901e+01
8.019246e+02 1.203900e+01
8.012821e+02 1.203899e+01
8.006405e+02 1.203898e+01
800 1.203897e+01
7.993605e+02 1.203896e+01
7.987220e+02 1.203895e+01
7.980846e+02 1.203894e+01
7.974482e+02 1.203892e+01
7.968127e+02 1.203891e+01
7.961783e+02 1.203890e+01
7.955449e+02 1.203889e+01
7.949126e+02 1.203888e+01
7.942812e+02 1.203887e+01
7.936508e+02 1.203886e+01
7.930214e+02 1.203885e+01
7.923930e+02 1.203884e+01
7.917656e+02 1.203883e+01
7.911392e+02 1.203881e+01
7.905138e+02 1.203880e+01
7.898894e+02 1.203879e+01
7.892660e+02 1.203878e+01
7.886435e+02 1.203877e+01
7.880221e+02 1.203876e+01
7.874016e+02 1.203875e+01
7.867821e+02 1.203873e+01
7.861635e+02 1.203872e+01
7.855460e+02 1.203871e+01
7.849294e+02 1.203870e+01
7.843137e+02 1.203869e+01
7.836991e+02 1.203868e+01
7.830854e+02 1.203867e+01
7.824726e+02 1.203865e+01
7.818608e+02 1.203864e+01
7.812500e+02 1.203863e+01
7.806401e+02 1.203862e+01
7.800312e+02 1.203861e+01
7.794232e+02 1.203860e+01
7.788162e+02 1.203859e+01
7.782101e+02 1.203858e+01
7.776050e+02 1.203857e+01
7.770008e+02 1.203855e+01
7.763975e+02 1.203854e+01
7.757952e+02 1.203853e+01
7.751938e+02 1.203852e+01
7.745933e+02 1.203851e+01
7.739938e+02 1.203850e+01
7.733952e+02 1.203849e+01
7.727975e+02 1.203849e+01
7.722008e+02 1.203848e+01
7.716049e+02 1.203847e+01
7.710100e+02 1.203846e+01
7.704160e+02 1.203845e+01
7.698229e+02 1.203844e+01
7.692308e+02 1.203844e+01
7.686395e+02 1.203843e+01
7.680492e+02 1.203843e+01
7.674597e+02 1.203842e+01
7.668712e+02 1.203841e+01
7.662835e+02 1.203841e+01
7.656968e+02 1.203841e+01
7.651109e+02 1.203840e+01
7.645260e+02 1.203840e+01
7.639419e+02 1.203840e+01
7.633588e+02 1.203840e+01
7.627765e+02 1.203840e+01
7.621951e+02 1.203840e+01
7.616146e+02 1.203841e+01
7.610350e+02 1.203841e+01
7.604563e+02 1.203842e+01
7.598784e+02 1.203842e+01
7.593014e+02 1.203843e+01
7.587253e+02 1.203844e+01
7.581501e+02 1.203845e+01
7.575758e+02 1.203846e+01
7.570023e+02 1.203847e+01
7.564297e+02 1.203849e+01
7.558579e+02 1.203850e+01
7.552870e+02 1.203852e+01
7.547170e+02 1.203854e+01
7.541478e+02 1.203856e+01
7.535795e+02 1.203858e+01
7.530120e+02 1.203860e+01
7.524454e+02 1.203863e+01
7.518797e+02 1.203865e+01
7.513148e+02 1.203868e+01
7.507508e+02 1.203871e+01
7.501875e+02 1.203874e+01
7.496252e+02 1.203876e+01
7.490637e+02 1.203879e+01
7.485030e+02 1.203883e+01
7.479432e+02 1.203886e+01
7.473842e+02 1.203889e+01
7.468260e+02 1.203892e+01
7.462687e+02 1.203895e+01
7.457122e+02 1.203898e+01
7.451565e+02 1.203902e+01
7.446016e+02 1.203905e+01
7.440476e+02 1.203908e+01
7.434944e+02 1.203911e+01
7.429421e+02 1.203914e+01
7.423905e+02 1.203917e+01
7.418398e+02 1.203920e+01
7.412898e+02 1.203922e+01
7.407407e+02 1.203925e+01
7.401925e+02 1.203927e+01
7.396450e+02 1.203930e+01
7.390983e+02 1.203932e+01
7.385524e+02 1.203934e+01
7.380074e+02 1.203936e+01
7.374631e+02 1.203938e+01
7.369197e+02 1.203940e+01
7.363770e+02 1.203941e+01
7.358352e+02 1.203943e+01
7.352941e+02 1.203944e+01
7.347539e+02 1.203945e+01
7.342144e+02 1.203946e+01
7.336757e+02 1.203947e+01
7.331378e+02 1.203948e+01
7.326007e+02 1.203949e+01
7.320644e+02 1.203949e+01
7.315289e+02 1.203949e+01
7.309942e+02 1.203950e+01
7.304602e+02 1.203950e+01
7.299270e+02 1.203950e+01
7.293946e+02 1.203950e+01
7.288630e+02 1.203950e+01
7.283321e+02 1.203950e+01
7.278020e+02 1.203950e+01
7.272727e+02 1.203949e+01
7.267442e+02 1.203949e+01
7.262164e+02 1.203948e+01
7.256894e+02 1.203948e+01
7.251632e+02 1.203947e+01
7.246377e+02 1.203946e+01
7.241130e+02 1.203946e+01
7.235890e+02 1.203945e+01
7.230658e+02 1.203944e+01
7.225434e+02 1.203943e+01
7.220217e+02 1.203942e+01
7.215007e+02 1.203941e+01
7.209805e+02 1.203940e+01
7.204611e+02 1.203939e+01
7.199424e+02 1.203938e+01
7.194245e+02 1.203937e+01
7.189073e+02 1.203936e+01
7.183908e+02 1.203935e+01
7.178751e+02 1.203934e+01
7.173601e+02 1.203932e+01
7.168459e+02 1.203931e+01
7.163324e+02 1.203930e+01
7.158196e+02 1.203929e+01
7.153076e+02 1.203927e+01
7.147963e+02 1.203926e+01
7.142857e+02 1.203925e+01
7.137759e+02 1.203924e+01
7.132668e+02 1.203922e+01
7.127584e+02 1.203921e+01
7.122507e+02 1.203920e+01
7.117438e+02 1.203918e+01
7.112376e+02 1.203917e+01
7.107321e+02 1.203915e+01
7.102273e+02 1.203914e+01
7.097232e+02 1.203913e+01
7.092199e+02 1.203911e+01
7.087172e+02 1.203910e+01
7.082153e+02 1.203908e+01
7.077141e+02 1.203907e+01
7.072136e+02 1.203906e+01
7.067138e+02 1.203904e+01
7.062147e+02 1.203903e+01
7.057163e+02 1.203901e+01
7.052186e+02 1.203900e+01
7.047216e+02 1.203898e+01
7.042254e+02 1.203897e+01
7.037298e+02 1.203895e+01
7.032349e+02 1.203894e+01
7.027407e+02 1.203892e+01
7.022472e+02 1.203891e+01
7.017544e+02 1.203889e+01
7.012623e+02 1.203888e+01
7.007708e+02 1.203886e+01
7.002801e+02 1.203885e+01
6.997901e+02 1.203883e+01
6.993007e+02 1.203882e+01
6.988120e+02 1.203880e+01
6.983240e+02 1.203879e+01
6.978367e+02 1.203877e+01
6.973501e+02 1.203876e+01
6.968641e+02 1.203874e+01
6.963788e+02 1.203873e+01
6.958942e+02 1.203871e+01
6.954103e+02 1.203870e+01
6.949270e+02 1.203868e+01
6.944444e+02 1.203867e+01
6.939625e+02 1.203865e+01
6.934813e+02 1.203864e+01
6.930007e+02 1.203862e+01
6.925208e+02 1.203861e+01
6.920415e+02 1.203859e+01
6.915629e+02 1.203857e+01
6.910850e+02 1.203856e+01
6.906077e+02 1.203854e+01
6.901311e+02 1.203853e+01
6.896552e+02 1.203851e+01
6.891799e+02 1.203850e+01
6.887052e+02 1.203848e+01
6.882312e+02 1.203846e+01
6.877579e+02 1.203845e+01
6.872852e+02 1.203843e+01
6.868132e+02 1.203842e+01
6.863418e+02 1.203840e+01
6.858711e+02 1.203838e+01
6.854010e+02 1.203837e+01
6.849315e+02 1.203835e+01
6.844627e+02 1.203834e+01
6.839945e+02 1.203832e+01
6.835270e+02 1.203830e+01
6.830601e+02 1.203829e+01
6.825939e+02 1.203827e+01
6.821282e+02 1.203825e+01
6.816633e+02 1.203824e+01
6.811989e+02 1.203822e+01
6.807352e+02 1.203820e+01
6.802721e+02 1.203819e+01
6.798097e+02 1.203817e+01
6.793478e+02 1.203815e+01
6.788866e+02 1.203814e+01
6.784261e+02 1.203812e+01
6.779661e+02 1.203810e+01
6.775068e+02 1.203809e+01
6.770481e+02 1.203807e+01
6.765900e+02 1.203805e+01
6.761325e+02 1.203803e+01
6.756757e+02 1.203802e+01
6.752194e+02 1.203800e+01
6.747638e+02 1.203798e+01
6.743088e+02 1.203796e+01
6.738544e+02 1.203795e+01
6.734007e+02 1.203793e+01
6.729475e+02 1.203791e+01
6.724950e+02 1.203789e+01
6.720430e+02 1.203787e+01
6.715917e+02 1.203786e+01
6.711409e+02 1.203784e+01
6.706908e+02 1.203782e+01
6.702413e+02 1.203780e+01
6.697924e+02 1.203778e+01
6.693440e+02 1.203777e+01
6.688963e+02 1.203775e+01
6.684492e+02 1.203773e+01
6.680027e+02 1.203771e+01
6.675567e+02 1.203769e+01
6.671114e+02 1.203767e+01
6.666667e+02 1.203765e+01
6.662225e+02 1.203763e+01
6.657790e+02 1.203762e+01
6.653360e+02 1.203760e+01
6.648936e+02 1.203758e+01
6.644518e+02 1.203756e+01
6.640106e+02 1.203754e+01
6.635700e+02 1.203752e+01
6.631300e+02 1.203750e+01
6.626905e+02 1.203748e+01
6.622517e+02 1.203746e+01
6.618134e+02 1.203744e+01
6.613757e+02 1.203742e+01
6.609385e+02 1.203740e+01
6.605020e+02 1.203738e+01
6.600660e+02 1.203736e+01
6.596306e+02 1.203734e+01
6.591958e+02 1.203732e+01
6.587615e+02 1.203730e+01
6.583278e+02 1.203728e+01
6.578947e+02 1.203727e+01
6.574622e+02 1.203725e+01
6.570302e+02 1.203723e+01
6.565988e+02 1.203721e+01
6.561680e+02 1.203719e+01
6.557377e+02 1.203717e+01
6.553080e+02 1.203715e+01
6.548788e+02 1.203713e+01
6.544503e+02 1.203711e+01
6.540222e+02 1.203709e+01
6.535948e+02 1.203707e+01
6.531679e+02 1.203705e+01
6.527415e+02 1.203703e+01
6.523157e+02 1.203701e+01
6.518905e+02 1.203699e+01
6.514658e+02 1.203697e+01
6.510417e+02 1.203695e+01
6.506181e+02 1.203693e+01
6.501951e+02 1.203691e+01
6.497726e+02 1.203689e+01
6.493506e+02 1.203687e+01
6.489293e+02 1.203685e+01
6.485084e+02 1.203683e+01
6.480881e+02 1.203681e+01
6.476684e+02 1.203679e+01
6.472492e+02 1.203677e+01
6.468305e+02 1.203675e+01
6.464124e+02 1.203673e+01
6.459948e+02 1.203672e+01
6.455778e+02 1.203670e+01
6.451613e+02 1.203668e+01
6.447453e+02 1.203666e+01
6.443299e+02 1.203664e+01
6.439150e+02 1.203663e+01
6.435006e+02 1.203661e+01
6.430868e+02 1.203659e+01
6.426735e+02 1.203658e+01
6.422608e+02 1.203656e+01
6.418485e+02 1.203655e+01
6.414368e+02 1.203653e+01
6.410256e+02 1.203652e+01
6.406150e+02 1.203650e+01
6.402049e+02 1.203649e+01
6.397953e+02 1.203648e+01
6.393862e+02 1.203647e+01
6.389776e+02 1.203645e+01
6.385696e+02 1.203644e+01
6.381621e+02 1.203643e+01
6.377551e+02 1.203642e+01
6.373486e+02 1.203641e+01
6.369427e+02 1.203640e+01
6.365372e+02 1.203640e+01
6.361323e+02 1.203639e+01
6.357279e+02 1.203638e+01
6.353240e+02 1.203638e+01
6.349206e+02 1.203637e+01
6.345178e+02 1.203637e+01
6.341154e+02 1.203637e+01
6.337136e+02 1.203637e+01
6.333122e+02 1.203637e+01
6.329114e+02 1.203637e+01
6.325111e+02 1.203637e+01
6.321113e+02 1.203638e+01
6.317119e+02 1.203638e+01
6.313131e+02 1.203639e+01
6.309148e+02 1.203640e+01
6.305170e+02 1.203641e+01
6.301197e+02 1.203642e+01
6.297229e+02 1.203643e+01
6.293266e+02 1.203645e+01
6.289308e+02 1.203647e+01
6.285355e+02 1.203649e+01
6.281407e+02 1.203651e+01
6.277464e+02 1.203653e+01
6.273526e+02 1.203655e+01
6.269592e+02 1.203658e+01
6.265664e+02 1.203661e+01
6.261741e+02 1.203664e+01
6.257822e+02 1.203667e+01
6.253909e+02 1.203671e+01
625 1.203675e+01
6.246096e+02 1.203679e+01
6.242197e+02 1.203683e+01
6.238303e+02 1.203687e+01
6.234414e+02 1.203692e+01
6.230530e+02 1.203697e+01
6.226650e+02 1.203702e+01
6.222775e+02 1.203708e+01
6.218905e+02 1.203714e+01
6.215040e+02 1.203720e+01
6.211180e+02 1.203726e+01
6.207325e+02 1.203733e+01
6.203474e+02 1.203740e+01
6.199628e+02 1.203747e+01
6.195787e+02 1.203754e+01
6.191950e+02 1.203762e+01
6.188119e+02 1.203770e+01
6.184292e+02 1.203778e+01
6.180470e+02 1.203787e+01
6.176652e+02 1.203795e+01
6.172840e+02 1.203804e+01
6.169031e+02 1.203814e+01
6.165228e+02 1.203823e+01
6.161429e+02 1.203833e+01
6.157635e+02 1.203842e+01
6.153846e+02 1.203853e+01
6.150062e+02 1.203863e+01
6.146281e+02 1.203873e+01
6.142506e+02 1.203884e+01
6.138735e+02 1.203895e+01
6.134969e+02 1.203905e+01
6.131208e+02 1.203916e+01
6.127451e+02 1.203928e+01
6.123699e+02 1.203939e+01
6.119951e+02 1.203950e+01
6.116208e+02 1.203961e+01
6.112469e+02 1.203973e+01
6.108735e+02 1.203984e+01
6.105006e+02 1.203996e+01
6.101281e+02 1.204007e+01
6.097561e+02 1.204019e+01
6.093845e+02 1.204030e+01
6.090134e+02 1.204041e+01
6.086427e+02 1.204053e+01
6.082725e+02 1.204064e+01
6.079027e+02 1.204075e+01
6.075334e+02 1.204086e+01
6.071645e+02 1.204097e+01
6.067961e+02 1.204108e+01
6.064281e+02 1.204118e+01
6.060606e+02 1.204129e+01
6.056935e+02 1.204139e+01
6.053269e+02 1.204149e+01
6.049607e+02 1.204159e+01
6.045949e+02 1.204169e+01
6.042296e+02 1.204178e+01
6.038647e+02 1.204188e+01
6.035003e+02 1.204197e+01
6.031363e+02 1.204206e+01
6.027728e+02 1.204214e+01
6.024096e+02 1.204223e+01
6.020470e+02 1.204231e+01
6.016847e+02 1.204238e+01
6.013229e+02 1.204246e+01
6.009615e+02 1.204253e+01
6.006006e+02 1.204261e+01
6.002401e+02 1.204267e+01
5.998800e+02 1.204274e+01
5.995204e+02 1.204280e+01
5.991612e+02 1.204287e+01
5.988024e+02 1.204292e+01
5.984440e+02 1.204298e+01
5.980861e+02 1.204303e+01
5.977286e+02 1.204309e+01
5.973716e+02 1.204314e+01
5.970149e+02 1.204318e+01
5.966587e+02 1.204323e+01
5.963029e+02 1.204327e+01
5.959476e+02 1.204331e+01
5.955926e+02 1.204335e+01
5.952381e+02 1.204338e+01
5.948840e+02 1.204342e+01
5.945303e+02 1.204345e+01
5.941771e+02 1.204348e+01
5.938242e+02 1.204351e+01
5.934718e+02 1.204353e+01
5.931198e+02 1.204356e+01
5.927682e+02 1.204358e+01
5.924171e+02 1.204360e+01
5.920663e+02 1.204362e+01
5.917160e+02 1.204364e+01
5.913661e+02 1.204365e+01
5.910165e+02 1.204367e+01
5.906675e+02 1.204368e+01
5.903188e+02 1.204369e+01
5.899705e+02 1.204371e+01
5.896226e+02 1.204371e+01
5.892752e+02 1.204372e+01
5.889282e+02 1.204373e+01
5.885815e+02 1.204374e+01
5.882353e+02 1.204374e+01
5.878895e+02 1.204375e+01
5.875441e+02 1.204375e+01
5.871991e+02 1.204375e+01
5.868545e+02 1.204375e+01
5.865103e+02 1.204375e+01
5.861665e+02 1.204375e+01
5.858231e+02 1.204375e+01
5.854801e+02 1.204375e+01
5.851375e+02 1.204374e+01
5.847953e+02 1.204374e+01
5.844535e+02 1.204374e+01
5.841121e+02 1.204373e+01
5.837712e+02 1.204373e+01
5.834306e+02 1.204372e+01
5.830904e+02 1.204371e+01
5.827506e+02 1.204371e+01
5.824112e+02 1.204370e+01
5.820722e+02 1.204369e+01
5.817336e+02 1.204368e+01
5.813953e+02 1.204367e+01
5.810575e+02 1.204366e+01
5.807201e+02 1.204365e+01
5.803831e+02 1.204364e+01
5.800464e+02 1.204363e+01
5.797101e+02 1.204362e+01
5.793743e+02 1.204361e+01
5.790388e+02 1.204360e+01
5.787037e+02 1.204359e+01
5.783690e+02 1.204358e+01
5.780347e+02 1.204356e+01
5.777008e+02 1.204355e+01
5.773672e+02 1.204354e+01
5.770340e+02 1.204353e+01
5.767013e+02 1.204351e+01
5.763689e+02 1.204350e+01
5.760369e+02 1.204349e+01
5.757052e+02 1.204347e+01
5.753740e+02 1.204346e+01
5.750431e+02 1.204345e+01
5.747126e+02 1.204343e+01
5.743825e+02 1.204342e+01
5.740528e+02 1.204341e+01
5.737235e+02 1.204339e+01
5.733945e+02 1.204338e+01
5.730659e+02 1.204336e+01
5.727377e+02 1.204335e+01
5.724098e+02 1.204334e+01
5.720824e+02 1.204332e+01
5.717553e+02 1.204331e+01
5.714286e+02 1.204329e+01
5.711022e+02 1.204328e+01
5.707763e+02 1.204326e+01
5.704507e+02 1.204325e+01
5.701254e+02 1.204324e+01
5.698006e+02 1.204322e+01
5.694761e+02 1.204321e+01
5.691520e+02 1.204319e+01
5.688282e+02 1.204318e+01
5.685048e+02 1.204317e+01
5.681818e+02 1.204315e+01
5.678592e+02 1.204314e+01
5.675369e+02 1.204312e+01
5.672150e+02 1.204311e+01
5.668934e+02 1.204309e+01
5.665722e+02 1.204308e+01
5.662514e+02 1.204307e+01
5.659310e+02 1.204305e+01
5.656109e+02 1.204304e+01
5.652911e+02 1.204303e+01
5.649718e+02 1.204301e+01
5.646527e+02 1.204300e+01
5.643341e+02 1.204298e+01
5.640158e+02 1.204297e+01
5.636979e+02 1.204296e+01
5.633803e+02 1.204294e+01
5.630631e+02 1.204293e+01
5.627462e+02 1.204292e+01
5.624297e+02 1.204290e+01
5.621135e+02 1.204289e+01
5.617978e+02 1.204288e+01
5.614823e+02 1.204287e+01
5.611672e+02 1.204285e+01
5.608525e+02 1.204284e+01
5.605381e+02 1.204283e+01
5.602241e+02 1.204281e+01
5.599104e+02 1.204280e+01
5.595971e+02 1.204279e+01
5.592841e+02 1.204278e+01
5.589715e+02 1.204277e+01
5.586592e+02 1.204275e+01
5.583473e+02 1.204274e+01
5.580357e+02 1.204273e+01
5.577245e+02 1.204272e+01
5.574136e+02 1.204271e+01
5.571031e+02 1.204269e+01
5.567929e+02 1.204268e+01
5.564830e+02 1.204267e+01
5.561735e+02 1.204266e+01
5.558644e+02 1.204265e+01
5.555556e+02 1.204264e+01
5.552471e+02 1.204263e+01
5.549390e+02 1.204262e+01
5.546312e+02 1.204260e+01
5.543237e+02 1.204259e+01
5.540166e+02 1.204258e+01
5.537099e+02 1.204257e+01
5.534034e+02 1.204256e+01
5.530973e+02 1.204255e+01
5.527916e+02 1.204254e+01
5.524862e+02 1.204253e+01
5.521811e+02 1.204252e+01
5.518764e+02 1.204251e+01
5.515720e+02 1.204250e+01
5.512679e+02 1.204249e+01
5.509642e+02 1.204248e+01
5.506608e+02 1.204247e+01
5.503577e+02 1.204246e+01
5.500550e+02 1.204246e+01
5.497526e+02 1.204245e+01
5.494505e+02 1.204244e+01
5.491488e+02 1.204243e+01
5.488474e+02 1.204242e+01
5.485464e+02 1.204241e+01
5.482456e+02 1.204240e+01
5.479452e+02 1.204239e+01
5.476451e+02 1.204239e+01
5.473454e+02 1.204238e+01
5.470460e+02 1.204237e+01
5.467469e+02 1.204236e+01
5.464481e+02 1.204235e+01
5.461496e+02 1.204235e+01
5.458515e+02 1.204234e+01
5.455537e+02 1.204233e+01
5.452563e+02 1.204232e+01
5.449591e+02 1.204232e+01
5.446623e+02 1.204231e+01
5.443658e+02 1.204230e+01
5.440696e+02 1.204229e+01
5.437738e+02 1.204229e+01
5.434783e+02 1.204228e+01
5.431831e+02 1.204227e+01
5.428882e+02 1.204227e+01
5.425936e+02 1.204226e+01
5.422993e+02 1.204225e+01
5.420054e+02 1.204225e+01
5.417118e+02 1.204224e+01
5.414185e+02 1.204224e+01
5.411255e+02 1.204223e+01
5.408329e+02 1.204223e+01
5.405405e+02 1.204222e+01
5.402485e+02 1.204221e+01
5.399568e+02 1.204221e+01
5.396654e+02 1.204220e+01
5.393743e+02 1.204220e+01
5.390836e+02 1.204219e+01
5.387931e+02 1.204219e+01
5.385030e+02 1.204218e+01
5.382131e+02 1.204218e+01
5.379236e+02 1.204218e+01
5.376344e+02 1.204217e+01
5.373455e+02 1.204217e+01
5.370569e+02 1.204216e+01
5.367687e+02 1.204216e+01
5.364807e+02 1.204215e+01
5.361930e+02 1.204215e+01
5.359057e+02 1.204215e+01
5.356186e+02 1.204214e+01
5.353319e+02 1.204214e+01
5.350455e+02 1.204214e+01
5.347594e+02 1.204213e+01
5.344735e+02 1.204213e+01
5.341880e+02 1.204213e+01
5.339028e+02 1.204212e+01
5.336179e+02 1.204212e+01
5.333333e+02 1.204212e+01
5.330490e+02 1.204212e+01
5.327651e+02 1.204211e+01
5.324814e+02 1.204211e+01
5.321980e+02 1.204211e+01
5.319149e+02 1.204211e+01
5.316321e+02 1.204211e+01
5.313496e+02 1.204210e+01
5.310674e+02 1.204210e+01
5.307856e+02 1.204210e+01
5.305040e+02 1.204210e+01
5.302227e+02 1.204210e+01
5.299417e+02 1.204210e+01
5.296610e+02 1.204210e+01
5.293806e+02 1.204210e+01
5.291005e+02 1.204210e+01
5.288207e+02 1.204209e+01
5.285412e+02 1.204209e+01
5.282620e+02 1.204209e+01
5.279831e+02 1.204209e+01
5.277045e+02 1.204209e+01
5.274262e+02 1.204209e+01
5.271481e+02 1.204209e+01
5.268704e+02 1.204209e+01
5.265929e+02 1.204209e+01
5.263158e+02 1.204209e+01
5.260389e+02 1.204209e+01
5.257624e+02 1.204209e+01
5.254861e+02 1.204210e+01
5.252101e+02 1.204210e+01
5.249344e+02 1.204210e+01
5.246590e+02 1.204210e+01
5.243838e+02 1.204210e+01
5.241090e+02 1.204210e+01
5.238345e+02 1.204210e+01
5.235602e+02 1.204210e+01
5.232862e+02 1.204210e+01
5.230126e+02 1.204211e+01
5.227392e+02 1.204211e+01
5.224660e+02 1.204211e+01
5.221932e+02 1.204211e+01
5.219207e+02 1.204211e+01
5.216484e+02 1.204212e+01
5.213764e+02 1.204212e+01
5.211047e+02 1.204212e+01
5.208333e+02 1.204212e+01
5.205622e+02 1.204213e+01
5.202914e+02 1.204213e+01
5.200208e+02 1.204213e+01
5.197505e+02 1.204213e+01
5.194805e+02 1.204214e+01
5.192108e+02 1.204214e+01
5.189414e+02 1.204214e+01
5.186722e+02 1.204215e+01
5.184033e+02 1.204215e+01
5.181347e+02 1.204215e+01
5.178664e+02 1.204216e+01
5.175983e+02 1.204216e+01
5.173306e+02 1.204216e+01
5.170631e+02 1.204217e+01
5.167959e+02 1.204217e+01
5.165289e+02 1.204217e+01
5.162623e+02 1.204218e+01
5.159959e+02 1.204218e+01
5.157298e+02 1.204219e+01
5.154639e+02 1.204219e+01
5.151984e+02 1.204219e+01
5.149331e+02 1.204220e+01
5.146680e+02 1.204220e+01
5.144033e+02 1.204221e+01
5.141388e+02 1.204221e+01
5.138746e+02 1.204222e+01
5.136107e+02 1.204222e+01
5.133470e+02 1.204223e+01
5.130836e+02 1.204223e+01
5.128205e+02 1.204224e+01
5.125577e+02 1.204224e+01
5.122951e+02 1.204225e+01
5.120328e+02 1.204225e+01
5.117707e+02 1.204226e+01
5.115090e+02 1.204226e+01
5.112474e+02 1.204227e+01
5.109862e+02 1.204227e+01
5.107252e+02 1.204228e+01
5.104645e+02 1.204228e+01
5.102041e+02 1.204229e+01
5.099439e+02 1.204229e+01
5.096840e+02 1.204230e+01
5.094244e+02 1.204230e+01
5.091650e+02 1.204231e+01
5.089059e+02 1.204231e+01
5.086470e+02 1.204232e+01
5.083884e+02 1.204232e+01
5.081301e+02 1.204233e+01
5.078720e+02 1.204234e+01
5.076142e+02 1.204234e+01
5.073567e+02 1.204235e+01
5.070994e+02 1.204235e+01
5.068424e+02 1.204236e+01
5.065856e+02 1.204236e+01
5.063291e+02 1.204237e+01
5.060729e+02 1.204238e+01
5.058169e+02 1.204238e+01
5.055612e+02 1.204239e+01
5.053057e+02 1.204239e+01
5.050505e+02 1.204240e+01
5.047956e+02 1.204240e+01
5.045409e+02 1.204241e+01
5.042864e+02 1.204242e+01
5.040323e+02 1.204242e+01
5.037783e+02 1.204243e+01
5.035247e+02 1.204243e+01
5.032713e+02 1.204244e+01
5.030181e+02 1.204244e+01
5.027652e+02 1.204245e+01
5.025126e+02 1.204246e+01
5.022602e+02 1.204246e+01
5.020080e+02 1.204247e+01
5.017561e+02 1.204247e+01
5.015045e+02 1.204248e+01
5.012531e+02 1.204248e+01
5.010020e+02 1.204249e+01
5.007511e+02 1.204250e+01
5.005005e+02 1.204250e+01
5.002501e+02 1.204251e+01
500 1.204251e+01
