0.0 0.08276024460792542  0.11128630489110947 
1.0 0.053959984332323074  0.061464596539735794 
2.0 0.04804891720414162  0.04883113503456116 
3.0 0.03998427093029022  0.04183008149266243 
4.0 0.04149409383535385  0.03773901239037514 
5.0 0.03435586392879486  0.03535991907119751 
6.0 0.03171832114458084  0.03317182511091232 
7.0 0.02846279740333557  0.03144429996609688 
8.0 0.02783297747373581  0.029651733115315437 
9.0 0.027875075116753578  0.028299158439040184 
10.0 0.03532298281788826  0.02730867825448513 
11.0 0.02939506247639656  0.025760991498827934 
12.0 0.03247451409697533  0.02516530454158783 
13.0 0.02181367762386799  0.023900248110294342 
14.0 0.022196125239133835  0.023247171193361282 
15.0 0.02978062629699707  0.0218733549118042 
16.0 0.02212226390838623  0.02150488831102848 
17.0 0.02249436266720295  0.020968714728951454 
18.0 0.018120575696229935  0.019591199234128 
19.0 0.01898319274187088  0.019473742693662643 
20.0 0.01929389126598835  0.019230997189879417 
21.0 0.017929771915078163  0.01848132163286209 
22.0 0.019929006695747375  0.017914699390530586 
23.0 0.01641080342233181  0.018050439655780792 
24.0 0.016137732192873955  0.017078878358006477 
25.0 0.029598619788885117  0.017016420140862465 
26.0 0.01690642721951008  0.016602041199803352 
27.0 0.015287278220057487  0.01588444784283638 
28.0 0.015890853479504585  0.016270006075501442 
29.0 0.015565934590995312  0.015945827588438988 
30.0 0.016042299568653107  0.015297118574380875 
31.0 0.01280057244002819  0.015333514660596848 
32.0 0.01297491230070591  0.015279671177268028 
33.0 0.018430422991514206  0.014461928978562355 
34.0 0.016138911247253418  0.014546709135174751 
35.0 0.012876712717115879  0.014172326773405075 
36.0 0.014015240594744682  0.01411531399935484 
37.0 0.01335618831217289  0.013643970713019371 
38.0 0.012236101552844048  0.013604817911982536 
39.0 0.011838028207421303  0.013265552930533886 
40.0 0.012205176055431366  0.013559681363403797 
41.0 0.014278072863817215  0.013226608745753765 
42.0 0.010635551996529102  0.012994934804737568 
43.0 0.011259547434747219  0.012823241762816906 
44.0 0.013764940202236176  0.01242242380976677 
45.0 0.012292657047510147  0.012610429897904396 
46.0 0.010592608712613583  0.01266659889370203 
47.0 0.01193101517856121  0.012417949736118317 
48.0 0.010644720867276192  0.012214280664920807 
49.0 0.01039691362529993  0.012019505724310875 
50.0 0.012746206484735012  0.011946002952754498 
51.0 0.013031511567533016  0.011641213670372963 
52.0 0.011738800443708897  0.011663664132356644 
53.0 0.01635528728365898  0.011571399867534637 
54.0 0.010365557856857777  0.011161787435412407 
55.0 0.01225842721760273  0.011235632002353668 
56.0 0.009645111858844757  0.011006217449903488 
57.0 0.011519502848386765  0.011177150532603264 
58.0 0.011131439357995987  0.011174802668392658 
59.0 0.01866508647799492  0.010946299880743027 
60.0 0.010090203024446964  0.010837681591510773 
61.0 0.010656976141035557  0.010719381272792816 
62.0 0.012820585630834103  0.010527707636356354 
63.0 0.010048647411167622  0.010500580072402954 
64.0 0.008926338516175747  0.010713260620832443 
65.0 0.011997868306934834  0.010213821195065975 
66.0 0.011540457606315613  0.01038618665188551 
67.0 0.010631748475134373  0.010101662948727608 
68.0 0.01979738473892212  0.010279973968863487 
69.0 0.009079213254153728  0.01029343530535698 
70.0 0.010747041553258896  0.009890693239867687 
71.0 0.010018928907811642  0.009855971671640873 
72.0 0.012071862816810608  0.010001630522310734 
73.0 0.010005783289670944  0.00969026517122984 
74.0 0.008442637510597706  0.0099696796387434 
75.0 0.011002158746123314  0.009658434428274632 
76.0 0.009267285466194153  0.009718004614114761 
77.0 0.014315655454993248  0.009686480276286602 
78.0 0.010307952761650085  0.009501482360064983 
79.0 0.010573666542768478  0.00967719592154026 
80.0 0.010376732796430588  0.009454453364014626 
81.0 0.009243994019925594  0.00949056539684534 
82.0 0.00919543020427227  0.009129256010055542 
83.0 0.011548956856131554  0.009237948805093765 
84.0 0.011263241060078144  0.009352635592222214 
85.0 0.011198323220014572  0.009347937069833279 
86.0 0.00901823304593563  0.009196084924042225 
87.0 0.009283757768571377  0.009020033292472363 
88.0 0.012658854946494102  0.009086846373975277 
89.0 0.013669931329786777  0.009035943076014519 
90.0 0.014350754208862782  0.009076242335140705 
91.0 0.013783530332148075  0.008724202401936054 
92.0 0.008929024450480938  0.008715417236089706 
93.0 0.01020650565624237  0.008676440455019474 
94.0 0.00782815646380186  0.00882017519325018 
95.0 0.016161086037755013  0.008887610398232937 
96.0 0.011295217089354992  0.008762456476688385 
97.0 0.008957491256296635  0.008506943471729755 
98.0 0.010292841121554375  0.008553247898817062 
99.0 0.00920811202377081  0.008585842326283455 
100.0 0.008068072609603405  0.008332064375281334 
101.0 0.010827894322574139  0.008248955011367798 
102.0 0.014871985651552677  0.008437150157988071 
103.0 0.010743414051830769  0.008338370360434055 
104.0 0.016697000712156296  0.00836409255862236 
105.0 0.010279761627316475  0.008249590173363686 
106.0 0.008033216930925846  0.008518598973751068 
107.0 0.008449199609458447  0.008224443532526493 
108.0 0.007754676043987274  0.008045182563364506 
109.0 0.006936750374734402  0.00807149987667799 
110.0 0.007307162042707205  0.00841105729341507 
111.0 0.010864324867725372  0.008114596828818321 
112.0 0.009242347441613674  0.0080933952704072 
113.0 0.008713574148714542  0.007812553085386753 
114.0 0.007464175578206778  0.007883709855377674 
115.0 0.01033337228000164  0.007923435419797897 
116.0 0.007393200416117907  0.008096273057162762 
117.0 0.013773450627923012  0.007841004058718681 
118.0 0.017025861889123917  0.007881552912294865 
119.0 0.007281518075615168  0.007751397788524628 
120.0 0.008057148195803165  0.007748320233076811 
121.0 0.016315501183271408  0.0075986916199326515 
122.0 0.006650559138506651  0.007588410284370184 
123.0 0.008795362897217274  0.00757850706577301 
124.0 0.006594507955014706  0.007645575329661369 
125.0 0.009880349971354008  0.007536028511822224 
126.0 0.011697890236973763  0.007553848437964916 
127.0 0.007623008918017149  0.007699086796492338 
128.0 0.007769396994262934  0.00743694556877017 
129.0 0.01226931530982256  0.007498168386518955 
130.0 0.009062237106263638  0.0074919117614626884 
131.0 0.007215005811303854  0.007525185588747263 
132.0 0.008226048201322556  0.007478596176952124 
133.0 0.010162753984332085  0.0072014848701655865 
134.0 0.008106134831905365  0.007392574567347765 
135.0 0.009741779416799545  0.007350418251007795 
136.0 0.007362907286733389  0.007291821297258139 
137.0 0.015736356377601624  0.007380018942058086 
138.0 0.009091461077332497  0.00722817238420248 
139.0 0.008650187402963638  0.007264935877174139 
140.0 0.011347648687660694  0.007070481311529875 
141.0 0.0092177614569664  0.007168794982135296 
142.0 0.007274639327079058  0.007017260417342186 
143.0 0.009122056886553764  0.007179654203355312 
144.0 0.008843445219099522  0.007220886647701263 
