0.0 0.07953514158725739  0.11673080921173096 
1.0 0.05015489086508751  0.05747155845165253 
2.0 0.03757423162460327  0.04167114943265915 
3.0 0.027755171060562134  0.032620929181575775 
4.0 0.026463177055120468  0.028021862730383873 
5.0 0.023016000166535378  0.02530631236732006 
6.0 0.03182069957256317  0.02359974943101406 
7.0 0.023837020620703697  0.022033262997865677 
8.0 0.022566651925444603  0.020834362134337425 
9.0 0.018961992114782333  0.019627459347248077 
10.0 0.018599173054099083  0.018706366419792175 
11.0 0.018786458298563957  0.017458876594901085 
12.0 0.01649847812950611  0.01666409708559513 
13.0 0.013646019622683525  0.015736397355794907 
14.0 0.01464148797094822  0.014990134164690971 
15.0 0.012901470065116882  0.014364981092512608 
16.0 0.014813587069511414  0.013929619453847408 
17.0 0.013468284159898758  0.013371861539781094 
18.0 0.014845099300146103  0.012705732136964798 
19.0 0.0135326674208045  0.012381798587739468 
20.0 0.013523072004318237  0.011939658783376217 
21.0 0.011931054294109344  0.011453363113105297 
22.0 0.010017720982432365  0.011143763549625874 
23.0 0.009818476624786854  0.010695986449718475 
24.0 0.011208618991076946  0.010410064831376076 
25.0 0.009539265185594559  0.010157325305044651 
26.0 0.010528558865189552  0.009747586213052273 
27.0 0.009789855219423771  0.009612923488020897 
28.0 0.01005929708480835  0.009326252155005932 
29.0 0.009092212654650211  0.009164256043732166 
30.0 0.011244561523199081  0.008961107581853867 
31.0 0.008952934294939041  0.008776946924626827 
32.0 0.008035531267523766  0.008512003347277641 
33.0 0.008041869848966599  0.008441556245088577 
34.0 0.007574126124382019  0.008253532461822033 
35.0 0.007400631904602051  0.008066386915743351 
36.0 0.007283702492713928  0.007968449033796787 
37.0 0.008242541924118996  0.007821189239621162 
38.0 0.007368108723312616  0.007733661215752363 
39.0 0.007508872076869011  0.0075917490758001804 
40.0 0.006975587457418442  0.0074963802471756935 
41.0 0.007723985705524683  0.007407102268189192 
42.0 0.008558063767850399  0.0073161618784070015 
43.0 0.007676371373236179  0.0071603767573833466 
44.0 0.009646590799093246  0.007024110294878483 
45.0 0.007249887101352215  0.007000712212175131 
46.0 0.006754912901669741  0.006876756902784109 
47.0 0.006729113403707743  0.006834275554865599 
48.0 0.0077307871542871  0.006722442805767059 
49.0 0.006152494344860315  0.006603009533137083 
50.0 0.006485522724688053  0.006568696349859238 
51.0 0.006433084607124329  0.0065383813343942165 
52.0 0.005956748500466347  0.0064299749210476875 
53.0 0.006293951999396086  0.006347416900098324 
54.0 0.0056791459210217  0.006270827259868383 
55.0 0.006231888197362423  0.006258875131607056 
56.0 0.0063604749739170074  0.006105320993810892 
57.0 0.006650813855230808  0.006083370186388493 
58.0 0.00582131976261735  0.006044823210686445 
59.0 0.006118177901953459  0.0059677185490727425 
60.0 0.006834228057414293  0.005914357025176287 
61.0 0.005936623550951481  0.0058369082398712635 
62.0 0.006406764034181833  0.005836453754454851 
63.0 0.0065803308971226215  0.005780298262834549 
64.0 0.006422803271561861  0.005766504444181919 
65.0 0.005717633292078972  0.005668038502335548 
66.0 0.005796289071440697  0.005659068003296852 
67.0 0.0062555293552577496  0.005570427514612675 
68.0 0.0058334036730229855  0.005602574907243252 
69.0 0.0058625973761081696  0.005582123063504696 
70.0 0.0060905651189386845  0.005477266386151314 
71.0 0.005580771714448929  0.005475655663758516 
72.0 0.006049433257430792  0.005451149307191372 
73.0 0.006566711235791445  0.005403953138738871 
74.0 0.00609877984970808  0.005407440476119518 
75.0 0.005612144712358713  0.005302872508764267 
76.0 0.005782747641205788  0.0053080604411661625 
77.0 0.0053984192200005054  0.005245945882052183 
78.0 0.005373699590563774  0.005258793011307716 
79.0 0.005339735187590122  0.005213781725615263 
80.0 0.005775655619800091  0.005208858288824558 
81.0 0.005442762281745672  0.005156980361789465 
82.0 0.005366029217839241  0.005136867053806782 
83.0 0.006070875562727451  0.005108335986733437 
84.0 0.00530009251087904  0.005054418928921223 
85.0 0.006004577036947012  0.005041774362325668 
86.0 0.006134939845651388  0.005035066045820713 
87.0 0.006752306129783392  0.005012291017919779 
88.0 0.005354247055947781  0.004990648478269577 
89.0 0.00592039804905653  0.004959050565958023 
90.0 0.005463319830596447  0.004890765529125929 
91.0 0.005289584398269653  0.004895426332950592 
92.0 0.005540021695196629  0.004870266187936068 
93.0 0.005383220501244068  0.004868942778557539 
94.0 0.0055223689414560795  0.004811342339962721 
95.0 0.005636139307171106  0.00481078727170825 
96.0 0.005509110167622566  0.004768552724272013 
97.0 0.006138666067272425  0.004775099456310272 
98.0 0.004947037901729345  0.004707762040197849 
99.0 0.005665041506290436  0.004752921871840954 
100.0 0.005380820948630571  0.004698074888437986 
101.0 0.005190064664930105  0.004678378347307444 
102.0 0.0056498246267437935  0.004648588597774506 
103.0 0.005464163608849049  0.004647637251764536 
104.0 0.005241291131824255  0.004647222813218832 
105.0 0.0053154826164245605  0.004622539505362511 
106.0 0.0052049714140594006  0.004598683677613735 
107.0 0.005108884070068598  0.004579248838126659 
108.0 0.005095807835459709  0.004569693468511105 
109.0 0.005268775392323732  0.004518493544310331 
110.0 0.005273409187793732  0.004513835534453392 
111.0 0.005123871378600597  0.0044905049726367 
112.0 0.005179658532142639  0.004488485865294933 
113.0 0.0050208657048642635  0.004486963152885437 
114.0 0.00472329230979085  0.00445537781342864 
115.0 0.004940743558108807  0.004478318616747856 
116.0 0.0050379326567053795  0.004443960264325142 
117.0 0.004760786425322294  0.004432071931660175 
118.0 0.0049348436295986176  0.004440292250365019 
119.0 0.0048210774548351765  0.004410753026604652 
120.0 0.0049096508882939816  0.004364897031337023 
121.0 0.0049779959954321384  0.004374900832772255 
122.0 0.004914265125989914  0.004357486963272095 
123.0 0.004556835629045963  0.004360920749604702 
124.0 0.0046102264896035194  0.004337389022111893 
125.0 0.004525304771959782  0.004344040062278509 
126.0 0.004743380006402731  0.0042992751114070415 
127.0 0.0048142061568796635  0.004318157210946083 
128.0 0.004432682879269123  0.004300542175769806 
129.0 0.004532272927463055  0.0042741610668599606 
130.0 0.004850913304835558  0.004254767671227455 
131.0 0.004796656314283609  0.004251895006746054 
132.0 0.00463167205452919  0.004272280260920525 
133.0 0.0045281280763447285  0.004215276334434748 
134.0 0.004547791555523872  0.004234051797538996 
135.0 0.004694828763604164  0.004213352221995592 
136.0 0.004489208571612835  0.004227653611451387 
137.0 0.004540350288152695  0.004214601591229439 
138.0 0.004316816106438637  0.004180808551609516 
139.0 0.0045654745772480965  0.004171960987150669 
140.0 0.004374544136226177  0.004180270247161388 
141.0 0.004482325632125139  0.004175153095275164 
142.0 0.00460329232737422  0.004149600397795439 
143.0 0.004319555126130581  0.004129421431571245 
144.0 0.004223922733217478  0.004131814930588007 
145.0 0.004322811495512724  0.00413558492437005 
146.0 0.004376851953566074  0.0041290889494121075 
147.0 0.004390406887978315  0.00408977223560214 
148.0 0.004290892276912928  0.004086348693817854 
149.0 0.004375445190817118  0.0040806313045322895 
150.0 0.004375610500574112  0.004087457433342934 
151.0 0.004277508240193129  0.004084356594830751 
152.0 0.004113323055207729  0.004052502103149891 
153.0 0.004441859666258097  0.004050449002534151 
154.0 0.0042402776889503  0.0040359715931117535 
155.0 0.004781406372785568  0.004046165384352207 
156.0 0.004317505285143852  0.004034590907394886 
157.0 0.004421367309987545  0.004016850143671036 
158.0 0.004395367577672005  0.004021117929369211 
159.0 0.00423809327185154  0.003996413201093674 
160.0 0.004220302682369947  0.00400614645332098 
161.0 0.005250770598649979  0.004002448637038469 
162.0 0.004263035953044891  0.003998090513050556 
163.0 0.004367149900645018  0.003975837025791407 
164.0 0.0042706141248345375  0.0039707752875983715 
165.0 0.004260536283254623  0.003963497933000326 
166.0 0.004046860616654158  0.003954388666898012 
167.0 0.004255466628819704  0.003949732985347509 
168.0 0.004189024213701487  0.003940498922020197 
169.0 0.0045647709630429745  0.0039547584019601345 
170.0 0.004335422068834305  0.003925063647329807 
171.0 0.004439814947545528  0.003923390060663223 
172.0 0.004189244471490383  0.0038892182055860758 
173.0 0.004414508584886789  0.0038877043407410383 
174.0 0.0041680545546114445  0.0038866885006427765 
175.0 0.004386178683489561  0.0038970697205513716 
176.0 0.004359229002147913  0.0038474889006465673 
177.0 0.004421478137373924  0.003869635285809636 
178.0 0.004160386975854635  0.0038644394371658564 
179.0 0.004417505115270615  0.0038636280223727226 
180.0 0.004141699522733688  0.003859816351905465 
181.0 0.004166821949183941  0.0038497101049870253 
182.0 0.0043296474032104015  0.0038159177638590336 
183.0 0.004131494089961052  0.003832414746284485 
184.0 0.00422211829572916  0.003808425273746252 
185.0 0.004156814888119698  0.0038513760082423687 
186.0 0.004195486661046743  0.0038201308343559504 
