0.0 0.004617040511220694  0.03304677456617355 
1.0 0.0034039460588246584  0.0039304508827626705 
2.0 0.0031302778515964746  0.002696905517950654 
3.0 0.00282969418913126  0.002007566625252366 
4.0 0.002178504830226302  0.0015406269812956452 
5.0 0.0010834115091711283  0.0011852583847939968 
6.0 0.00145659688860178  0.0009470108198001981 
7.0 0.0014244230696931481  0.0008018878870643675 
8.0 0.0009781706612557173  0.0007021966157481074 
9.0 0.0006330906762741506  0.0006392629584297538 
10.0 0.0005598282441496849  0.0005871358443982899 
11.0 0.0005752963479608297  0.0005458262749016285 
12.0 0.0005593091482296586  0.0005096939858049154 
13.0 0.00046535590081475675  0.00048224275815300643 
14.0 0.0005158006679266691  0.00045445861178450286 
15.0 0.00038429119740612805  0.00043085557990707457 
16.0 0.0003114745777565986  0.00040860750596038997 
17.0 0.0005379116046242416  0.0003897926362697035 
18.0 0.0006616674363613129  0.00037409039214253426 
19.0 0.0005600884323939681  0.00035928620491176844 
20.0 0.0002959952980745584  0.0003460183215793222 
21.0 0.00046720393584109843  0.00033195651485584676 
22.0 0.00035530704190023243  0.00032076460774987936 
23.0 0.0002836718049366027  0.0003167576214764267 
24.0 0.0003197453625034541  0.0003022011951543391 
25.0 0.00023971257905941457  0.00029559951508417726 
26.0 0.0003000448923557997  0.00028515246231108904 
27.0 0.00034259218955412507  0.00027796317590400577 
28.0 0.00031452637631446123  0.0002722304780036211 
29.0 0.00033580808667466044  0.0002639546582940966 
30.0 0.0002881881664507091  0.0002586900081951171 
31.0 0.00023829606652725488  0.00025285794981755316 
32.0 0.00017377921903971583  0.00024896013201214373 
33.0 0.00018798693781718612  0.00023856991901993752 
34.0 0.00018084168550558388  0.0002359239588258788 
35.0 0.000184699529199861  0.00023014942416921258 
36.0 0.00022995138715486974  0.0002253672428196296 
37.0 0.00015070753579493612  0.00022500468185171485 
38.0 0.0001550469605717808  0.00021842101705260575 
39.0 0.00018114221165888011  0.00021237092732917517 
40.0 0.00019139146024826914  0.00020930114260409027 
41.0 0.0001459171762689948  0.00020765149383805692 
42.0 0.00018016678222920746  0.0002019683161051944 
43.0 0.0001598132512299344  0.00020020356168970466 
44.0 0.000180157832801342  0.00019593985052779317 
45.0 0.00013305823085829616  0.00019527127733454108 
46.0 0.00017411794397048652  0.00018924332107417285 
47.0 0.00017253271653316915  0.0001879342453321442 
48.0 0.0001741787709761411  0.00018567117513157427 
49.0 0.00015588568930979818  0.0001830551482271403 
50.0 0.00015862120199017227  0.0001813083654269576 
51.0 0.00015623716171830893  0.0001779838203219697 
52.0 0.00016138404316734523  0.0001758852886268869 
53.0 0.00016835395945236087  0.00017372648289892823 
54.0 0.00017438225040677935  0.00017009739531204104 
55.0 0.00014393468154594302  0.00016909540863707662 
56.0 0.00015752037870697677  0.00016798192518763244 
57.0 0.00013533841411117464  0.0001661553542362526 
58.0 0.00021382956765592098  0.00016182182298507541 
59.0 0.00015762995462864637  0.0001620868715690449 
60.0 0.00013459233741741627  0.00016067679098341614 
61.0 0.00016546603001188487  0.00015721404633950442 
62.0 0.00016291707288473845  0.00015655148308724165 
63.0 0.00016616794164292514  0.00015445244207512587 
64.0 0.0001592421467648819  0.00015230618009809405 
65.0 0.000164296681759879  0.00015098611766006798 
