0.0 0.06847962737083435  0.12789753079414368 
1.0 0.039998188614845276  0.04535817354917526 
2.0 0.030149387195706367  0.03218074142932892 
3.0 0.025214647874236107  0.026207005605101585 
4.0 0.024830088019371033  0.02341366373002529 
5.0 0.02433815225958824  0.021761296316981316 
6.0 0.022659076377749443  0.020578941330313683 
7.0 0.02172568254172802  0.019500160589814186 
8.0 0.01951218582689762  0.01839514635503292 
9.0 0.01778150163590908  0.016715550795197487 
10.0 0.016825413331389427  0.014918399974703789 
11.0 0.014803929254412651  0.013566726818680763 
12.0 0.014229623600840569  0.012696214951574802 
13.0 0.01222492940723896  0.012151822447776794 
14.0 0.012236843816936016  0.011609886772930622 
15.0 0.012397391721606255  0.011246631853282452 
16.0 0.010951624251902103  0.010940470732748508 
17.0 0.010220703668892384  0.01067512296140194 
18.0 0.009764712303876877  0.010446547530591488 
19.0 0.010051582008600235  0.010204261168837547 
20.0 0.010166813619434834  0.010021609254181385 
21.0 0.009161547757685184  0.009789029136300087 
22.0 0.008849180303514004  0.009602376259863377 
23.0 0.009661572054028511  0.00940084457397461 
24.0 0.00960769597440958  0.009217236191034317 
25.0 0.009551797062158585  0.008979922160506248 
26.0 0.010313737206161022  0.008780303411185741 
27.0 0.010048922151327133  0.008596721105277538 
28.0 0.008227961137890816  0.00834030844271183 
29.0 0.008439227938652039  0.008115598931908607 
30.0 0.007015516050159931  0.007876234129071236 
31.0 0.007289090193808079  0.007710542529821396 
32.0 0.007034623064100742  0.007546582724899054 
33.0 0.006982850842177868  0.007392494007945061 
34.0 0.006421445403248072  0.007249895017594099 
35.0 0.006541069597005844  0.00713336281478405 
36.0 0.006561391521245241  0.006998728960752487 
37.0 0.006686022970825434  0.006899476982653141 
38.0 0.0067390394397079945  0.00680770818144083 
39.0 0.006711028050631285  0.006783433258533478 
40.0 0.006468447390943766  0.006669166963547468 
41.0 0.006340005435049534  0.006565684452652931 
42.0 0.00601221201941371  0.006447811145335436 
43.0 0.006174237467348576  0.006351168267428875 
44.0 0.006322916597127914  0.006206890568137169 
45.0 0.005822475533932447  0.006130158435553312 
46.0 0.005451552104204893  0.006039041560143232 
47.0 0.005498461425304413  0.005882936529815197 
48.0 0.005357777699828148  0.00582403177395463 
49.0 0.005391486920416355  0.005682314746081829 
50.0 0.00521472841501236  0.005588125437498093 
51.0 0.005417702253907919  0.0055147139355540276 
52.0 0.005541917867958546  0.005368861835449934 
53.0 0.004946117755025625  0.005316817667335272 
54.0 0.004693938419222832  0.005155934952199459 
55.0 0.004674768541008234  0.005024482496082783 
56.0 0.004909886978566647  0.0048824031837284565 
57.0 0.004132306203246117  0.004750730004161596 
58.0 0.0054982686415314674  0.004637819714844227 
59.0 0.004478894639760256  0.004324325826019049 
60.0 0.004863199312239885  0.004067464731633663 
61.0 0.005598133429884911  0.0037670128513127565 
62.0 0.005138288717716932  0.0035002012737095356 
63.0 0.007081795949488878  0.003279408672824502 
64.0 0.00298516359180212  0.003131396137177944 
65.0 0.004246884491294622  0.0030019544064998627 
66.0 0.003384132869541645  0.002887083450332284 
67.0 0.0044949958100914955  0.00286739319562912 
68.0 0.0032643084414303303  0.002724345540627837 
69.0 0.002879619598388672  0.0026731621474027634 
70.0 0.007254469208419323  0.002648920053616166 
71.0 0.006097863428294659  0.002576755126938224 
72.0 0.004708962980657816  0.0025726750027388334 
73.0 0.0035721033345907927  0.0024698267225176096 
74.0 0.0046044266782701015  0.002446874277666211 
75.0 0.0035535816568881273  0.002408373635262251 
76.0 0.004106822889298201  0.0023712555412203074 
77.0 0.003322519361972809  0.002321069361642003 
78.0 0.004052256233990192  0.0023079279344528913 
79.0 0.0028318113181740046  0.00226721353828907 
80.0 0.0025888460222631693  0.002232929924502969 
81.0 0.0034362906590104103  0.002206570701673627 
82.0 0.0039991759695112705  0.0021771311294287443 
83.0 0.00391703424975276  0.0021517120767384768 
84.0 0.002635940443724394  0.002103365957736969 
85.0 0.00273110275156796  0.0020790917333215475 
86.0 0.003011823631823063  0.0020565283484756947 
87.0 0.0030916344840079546  0.002022248925641179 
88.0 0.0024806249421089888  0.002008755225688219 
89.0 0.0026273911353200674  0.0020036010537296534 
90.0 0.0033697655890136957  0.0020002275705337524 
91.0 0.002698857570067048  0.0019553599413484335 
92.0 0.0027618377935141325  0.0019502579234540462 
93.0 0.0024396309163421392  0.0019143873360008001 
94.0 0.00272130174562335  0.0019025517394766212 
95.0 0.002343058818951249  0.0019085227977484465 
96.0 0.0023879632353782654  0.0018933998653665185 
97.0 0.002418370684608817  0.0018706237897276878 
98.0 0.0020441387314349413  0.0018683404196053743 
99.0 0.0022869014646857977  0.0018534748815000057 
100.0 0.0023328352253884077  0.0018478654092177749 
101.0 0.0022436652798205614  0.0018236837349832058 
102.0 0.001859945710748434  0.0018184977816417813 
103.0 0.002690141089260578  0.0018141373293474317 
104.0 0.0022203705739229918  0.0017837444320321083 
105.0 0.002174265682697296  0.0017848317511379719 
106.0 0.001935054431669414  0.0017549381591379642 
107.0 0.002233027946203947  0.0017730921972543001 
108.0 0.0034766928292810917  0.0017630266956984997 
109.0 0.0019432588014751673  0.0017370141576975584 
110.0 0.0020967465825378895  0.0017316120211035013 
111.0 0.0020322224590927362  0.0017205417389050126 
112.0 0.0025252250488847494  0.001713078236207366 
113.0 0.002926044398918748  0.001712966593913734 
114.0 0.002715623937547207  0.0017121429555118084 
115.0 0.0021583870984613895  0.0016972820740193129 
116.0 0.0026537717785686255  0.0016620922833681107 
117.0 0.002944785403087735  0.0016894445288926363 
118.0 0.0023082480765879154  0.0016445325454697013 
119.0 0.002703447826206684  0.0016611466417089105 
120.0 0.0025406491477042437  0.0016391085227951407 
121.0 0.0017022093525156379  0.0016152305761352181 
122.0 0.00250585307367146  0.0016387834912166 
123.0 0.0017061649123206735  0.001602215226739645 
124.0 0.002622540108859539  0.0016060039633885026 
125.0 0.0026313364505767822  0.0016013964777812362 
126.0 0.0017511161277070642  0.0015789964236319065 
127.0 0.0024495087563991547  0.0015914571704342961 
128.0 0.0024355740752071142  0.0015755187487229705 
129.0 0.0016567980637773871  0.001552919507957995 
130.0 0.0020139478147029877  0.0015904041938483715 
131.0 0.002458639442920685  0.001541829900816083 
132.0 0.001929592457599938  0.0015319507801905274 
133.0 0.002145899459719658  0.0015431822976097465 
134.0 0.002811743877828121  0.00154673692304641 
135.0 0.0016612603794783354  0.0015153596177697182 
136.0 0.0021483777090907097  0.0015461461152881384 
137.0 0.002466992475092411  0.0014909817837178707 
138.0 0.002456656424328685  0.0015092387329787016 
139.0 0.0027875741943717003  0.0015058960998430848 
140.0 0.002378236735239625  0.0014873465988785028 
141.0 0.0023633940145373344  0.001487591303884983 
142.0 0.0027046159375458956  0.001490421942435205 
143.0 0.0027717265766113997  0.001468536676838994 
144.0 0.0024463804438710213  0.0014655744889751077 
145.0 0.00203902879729867  0.001461008912883699 
146.0 0.0027328794822096825  0.001462207525037229 
147.0 0.002922443673014641  0.0014499678509309888 
148.0 0.002942088060081005  0.001447943039238453 
149.0 0.0028855300042778254  0.00143451988697052 
