0.0 0.05261020362377167  0.11624819040298462 
1.0 0.03586500138044357  0.034907154738903046 
2.0 0.02478756196796894  0.023225439712405205 
3.0 0.019972369074821472  0.018890434876084328 
4.0 0.01887122355401516  0.01690521277487278 
5.0 0.018406707793474197  0.015715591609477997 
6.0 0.017675086855888367  0.014865769073367119 
7.0 0.016655638813972473  0.014218212105333805 
8.0 0.015146267600357533  0.013655713759362698 
9.0 0.01461536530405283  0.013148587197065353 
10.0 0.014075206592679024  0.012682818807661533 
11.0 0.014216951094567776  0.012200172990560532 
12.0 0.013781138695776463  0.011780974455177784 
13.0 0.013405426405370235  0.011420977301895618 
14.0 0.012610230594873428  0.011059612967073917 
15.0 0.011984508484601974  0.01073858980089426 
16.0 0.01167710404843092  0.010476402938365936 
17.0 0.011526023969054222  0.010241729207336903 
18.0 0.011186928488314152  0.010008600540459156 
19.0 0.011493351310491562  0.009776768274605274 
20.0 0.010743843391537666  0.009568997658789158 
21.0 0.010649118572473526  0.00935802049934864 
22.0 0.011174419894814491  0.00914728082716465 
23.0 0.011742375791072845  0.008960449136793613 
24.0 0.011359012685716152  0.008763630874454975 
25.0 0.011721106246113777  0.008593514561653137 
26.0 0.010710038244724274  0.00838681310415268 
27.0 0.009993186220526695  0.00822052638977766 
28.0 0.009967774152755737  0.008027863688766956 
29.0 0.009895212016999722  0.007875505834817886 
30.0 0.010124851018190384  0.007726155687123537 
31.0 0.009541685692965984  0.007596813142299652 
32.0 0.009527231566607952  0.007463300134986639 
33.0 0.00984952598810196  0.007311546243727207 
34.0 0.008536962792277336  0.007215173915028572 
35.0 0.008372616954147816  0.007053766865283251 
36.0 0.007269292138516903  0.006945994216948748 
37.0 0.007365276105701923  0.006834867876023054 
38.0 0.007920164614915848  0.006710653658956289 
39.0 0.00676084915176034  0.006614860147237778 
40.0 0.00658714072778821  0.00649525411427021 
41.0 0.006800099276006222  0.006418642122298479 
42.0 0.007681887596845627  0.006280920468270779 
43.0 0.006857092492282391  0.006144776940345764 
44.0 0.006315735634416342  0.006017100997269154 
45.0 0.0066863675601780415  0.005912196356803179 
46.0 0.005815744400024414  0.005857712123543024 
47.0 0.0054581863805651665  0.005735138896852732 
48.0 0.0056914594024419785  0.00569178955629468 
49.0 0.005455540493130684  0.005568221211433411 
50.0 0.005422918125987053  0.0055039022117853165 
51.0 0.0064867958426475525  0.005453924648463726 
52.0 0.005792244337499142  0.005463553126901388 
53.0 0.005310405977070332  0.0054490533657372 
54.0 0.005657663103193045  0.005357878748327494 
55.0 0.0056832763366401196  0.005331416614353657 
56.0 0.005690739955753088  0.005214699078351259 
57.0 0.005351544823497534  0.0051163071766495705 
58.0 0.005246912129223347  0.005077800713479519 
59.0 0.005367362406104803  0.004916063509881496 
60.0 0.0057455976493656635  0.004872139543294907 
61.0 0.004908923991024494  0.0047920336946845055 
62.0 0.004743395373225212  0.004747322294861078 
63.0 0.004490448161959648  0.004586344119161367 
64.0 0.004130014684051275  0.004693674389272928 
65.0 0.008219623006880283  0.00451390678063035 
66.0 0.007604059763252735  0.004574108403176069 
67.0 0.004410325549542904  0.004622113890945911 
68.0 0.007073571439832449  0.004366467706859112 
69.0 0.012531467713415623  0.00440675113350153 
70.0 0.005780145060271025  0.004256866406649351 
71.0 0.006836915388703346  0.0042143031023442745 
72.0 0.012091233395040035  0.004115922376513481 
73.0 0.00446685217320919  0.004192919470369816 
74.0 0.007348824292421341  0.00409337691962719 
75.0 0.004100731108337641  0.004011928103864193 
76.0 0.007159366272389889  0.004041925072669983 
77.0 0.00693705677986145  0.0039061633870005608 
78.0 0.003206884954124689  0.0039125168696045876 
79.0 0.004944848828017712  0.003869375679641962 
80.0 0.009735632687807083  0.0036938160192221403 
81.0 0.0033810967579483986  0.003921925090253353 
82.0 0.004681186750531197  0.0036167313810437918 
83.0 0.003679486457258463  0.003674869192764163 
84.0 0.007566247135400772  0.003706631250679493 
85.0 0.0037844444159418344  0.0036079525016248226 
86.0 0.0034506432712078094  0.0038403731305152178 
87.0 0.0038098469376564026  0.003539090743288398 
88.0 0.0032341971527785063  0.0035618639085441828 
89.0 0.005338875576853752  0.0036789814475923777 
90.0 0.007875695824623108  0.003471284406259656 
91.0 0.010827599093317986  0.0036524643655866385 
92.0 0.006602603942155838  0.0037573836743831635 
93.0 0.003155750222504139  0.003571635577827692 
94.0 0.004641325678676367  0.0032343044877052307 
95.0 0.010412806645035744  0.003441514214500785 
96.0 0.0036679429467767477  0.0035458432976156473 
97.0 0.0072124553844332695  0.0033790087327361107 
98.0 0.0025714098010212183  0.0031175666954368353 
99.0 0.006621684413403273  0.0033118841238319874 
100.0 0.004403737839311361  0.003163875313475728 
101.0 0.004515704698860645  0.0032896879129111767 
102.0 0.002795248292386532  0.0032001493964344263 
103.0 0.005891990847885609  0.003195148427039385 
104.0 0.0032139699906110764  0.003206063760444522 
105.0 0.010216147638857365  0.0032539416570216417 
106.0 0.014423430897295475  0.0034154218155890703 
107.0 0.006373834330588579  0.003443363355472684 
108.0 0.004900680854916573  0.0030403139535337687 
109.0 0.004568731412291527  0.0030991798266768456 
110.0 0.00523234810680151  0.0031974702142179012 
111.0 0.006157438270747662  0.003051670268177986 
112.0 0.0026507708244025707  0.0029364845249801874 
113.0 0.01190396398305893  0.0029573573265224695 
114.0 0.0022013664711266756  0.0031152903102338314 
115.0 0.004683413077145815  0.002970990026369691 
116.0 0.0035557402297854424  0.0030121675226837397 
117.0 0.004796248394995928  0.0031473017297685146 
118.0 0.003910445608198643  0.0028873509727418423 
119.0 0.0032249644864350557  0.0028529346454888582 
120.0 0.004910018295049667  0.0027566375210881233 
121.0 0.006315507460385561  0.0027618512976914644 
122.0 0.005421319045126438  0.0033192846458405256 
123.0 0.0026439973153173923  0.0038428716361522675 
124.0 0.0034305669832974672  0.002847971161827445 
125.0 0.004805640783160925  0.002795244799926877 
126.0 0.00585680129006505  0.0028409482911229134 
127.0 0.00622803159058094  0.002711687469854951 
128.0 0.004578617867082357  0.002946452470496297 
129.0 0.003688662312924862  0.0027310734149068594 
130.0 0.003034519264474511  0.003247465007007122 
131.0 0.004430894274264574  0.002781504299491644 
132.0 0.0022177582141011953  0.0028768545016646385 
133.0 0.006329149939119816  0.003022134769707918 
134.0 0.004565564449876547  0.002861824817955494 
