0.0 0.07043364644050598  0.11347299069166183 
1.0 0.049359291791915894  0.05660319700837135 
2.0 0.04082570970058441  0.04186369851231575 
3.0 0.03211488202214241  0.03426305204629898 
4.0 0.027983373031020164  0.029415974393486977 
5.0 0.028825176879763603  0.02622886747121811 
6.0 0.029070451855659485  0.02409769408404827 
7.0 0.026307987049221992  0.02225358597934246 
8.0 0.020499084144830704  0.020429162308573723 
9.0 0.01855233870446682  0.018816962838172913 
10.0 0.017721811309456825  0.01768929697573185 
11.0 0.01553418394178152  0.01655101589858532 
12.0 0.013676774688065052  0.015436163172125816 
13.0 0.014711761847138405  0.01446667592972517 
14.0 0.014111936092376709  0.013649672269821167 
15.0 0.01305155735462904  0.012898699380457401 
16.0 0.012482349760830402  0.012203427031636238 
17.0 0.011913154274225235  0.01165679469704628 
18.0 0.011700108647346497  0.01114634983241558 
19.0 0.010646228678524494  0.010648143477737904 
20.0 0.011083491146564484  0.01026404369622469 
21.0 0.009180068969726562  0.00991643127053976 
22.0 0.009516354650259018  0.009662204422056675 
23.0 0.009129880927503109  0.009314806200563908 
24.0 0.008796838112175465  0.009079795330762863 
25.0 0.008962430991232395  0.008883509784936905 
26.0 0.009318901225924492  0.008685908280313015 
27.0 0.008888065814971924  0.008473972789943218 
28.0 0.009069886989891529  0.008327330462634563 
29.0 0.009042562916874886  0.008107622154057026 
30.0 0.008932449854910374  0.007969544269144535 
31.0 0.008403035812079906  0.007799405604600906 
32.0 0.009756714105606079  0.007628733292222023 
33.0 0.008535265922546387  0.007553421892225742 
34.0 0.01067277230322361  0.007372833322733641 
35.0 0.010912182740867138  0.007254249881953001 
36.0 0.008980043232440948  0.007191461976617575 
37.0 0.008520078845322132  0.007093345280736685 
38.0 0.008738105185329914  0.006918022874742746 
39.0 0.008053570054471493  0.00682387501001358 
40.0 0.008046796545386314  0.006721469108015299 
41.0 0.007459262851625681  0.006607096176594496 
42.0 0.007305936887860298  0.006514756008982658 
43.0 0.0076681277714669704  0.006437252275645733 
44.0 0.006406313739717007  0.006359654478728771 
45.0 0.006428067106753588  0.0062964619137346745 
46.0 0.0062825437635183334  0.006180925760418177 
47.0 0.006530351471155882  0.006159958895295858 
48.0 0.006599989254027605  0.006052788347005844 
49.0 0.006216692738234997  0.006023593712598085 
50.0 0.006320767104625702  0.005946119781583548 
51.0 0.006286030635237694  0.005893550347536802 
52.0 0.006425525527447462  0.005797955673187971 
53.0 0.006192929111421108  0.0057823266834020615 
54.0 0.006181351374834776  0.005743888672441244 
55.0 0.0060247620567679405  0.005672384984791279 
56.0 0.0063102515414357185  0.005628521554172039 
57.0 0.00642363028600812  0.00560028525069356 
58.0 0.006213379092514515  0.005542965605854988 
59.0 0.006087175570428371  0.005503224674612284 
60.0 0.006071985233575106  0.005422964692115784 
61.0 0.006697533186525106  0.0054510352201759815 
62.0 0.006929769646376371  0.005382832605391741 
63.0 0.006092952564358711  0.005337594076991081 
64.0 0.006962434388697147  0.005341595038771629 
65.0 0.006347783841192722  0.005282948724925518 
66.0 0.0069563863798975945  0.005246573127806187 
67.0 0.0063184406608343124  0.00522144278511405 
68.0 0.006144294980913401  0.005151973571628332 
69.0 0.006027268245816231  0.0051494985818862915 
70.0 0.0065190792083740234  0.005120200105011463 
71.0 0.006425787229090929  0.005066533572971821 
72.0 0.006127918604761362  0.005053576081991196 
73.0 0.0060904622077941895  0.005021462682634592 
74.0 0.005925497505813837  0.004995257128030062 
75.0 0.005759107414633036  0.004954908043146133 
76.0 0.006061322521418333  0.004912494216114283 
77.0 0.005729705095291138  0.004926634486764669 
78.0 0.005481053609400988  0.004871706943958998 
79.0 0.00553498137742281  0.004837897606194019 
80.0 0.005550209432840347  0.004805318545550108 
81.0 0.00530465692281723  0.0048019010573625565 
82.0 0.0054922448471188545  0.004776956047862768 
83.0 0.0056176260113716125  0.004739000461995602 
84.0 0.0055243466049432755  0.004729205276817083 
85.0 0.005261759273707867  0.004684618208557367 
86.0 0.005511890165507793  0.0046716853976249695 
87.0 0.005299694836139679  0.004635699093341827 
88.0 0.005154191982001066  0.004635075572878122 
89.0 0.005299963057041168  0.004584323149174452 
90.0 0.005067323800176382  0.0046030087396502495 
91.0 0.005285239312797785  0.004578146617859602 
92.0 0.005003107246011496  0.004549176432192326 
93.0 0.005034036934375763  0.004559088032692671 
94.0 0.005166452843695879  0.0045400517992675304 
95.0 0.0052678645588457584  0.004516963381320238 
96.0 0.0050566475838422775  0.0045112320221960545 
97.0 0.005156198050826788  0.004492845386266708 
98.0 0.00502696493640542  0.00446681072935462 
99.0 0.004816313739866018  0.004427478648722172 
100.0 0.00482049910351634  0.0043984996154904366 
101.0 0.004795087967067957  0.0043903738260269165 
102.0 0.004805483389645815  0.004382622893899679 
103.0 0.004798586945980787  0.0043715424835681915 
104.0 0.004697978496551514  0.00432655168697238 
105.0 0.004754586145281792  0.004318845923990011 
106.0 0.004834443796426058  0.004323798231780529 
107.0 0.004638392478227615  0.004305151291191578 
108.0 0.004699083045125008  0.004267458338290453 
109.0 0.004863450303673744  0.004281439818441868 
110.0 0.004593412857502699  0.0042642769403755665 
111.0 0.0047209784388542175  0.004230666905641556 
112.0 0.004594868049025536  0.004214644432067871 
113.0 0.004672572948038578  0.004227878525853157 
114.0 0.004550536163151264  0.004199929069727659 
115.0 0.004755418282002211  0.004175516311079264 
116.0 0.00468424940481782  0.004168816842138767 
117.0 0.004453948698937893  0.004177324939519167 
118.0 0.004521982278674841  0.004152302164584398 
119.0 0.004714994225651026  0.0041497815400362015 
120.0 0.004561213310807943  0.004157497547566891 
121.0 0.004591220524162054  0.004110952373594046 
122.0 0.0046129534021019936  0.004092882853001356 
123.0 0.004578032996505499  0.004085569176822901 
124.0 0.004511081613600254  0.0040945629589259624 
125.0 0.004528389777988195  0.004076749552041292 
126.0 0.004652959294617176  0.00405906280502677 
127.0 0.004414447117596865  0.004027335438877344 
128.0 0.004440026823431253  0.004038963932543993 
129.0 0.0044404505752027035  0.004044305067509413 
130.0 0.004487631376832724  0.004022718872874975 
131.0 0.004390352871268988  0.004006817005574703 
132.0 0.004348375368863344  0.003989686723798513 
133.0 0.0043778675608336926  0.003967280499637127 
134.0 0.004366252105683088  0.003972616977989674 
135.0 0.0043822103179991245  0.0039961370639503 
136.0 0.004372710827738047  0.003966367803514004 
137.0 0.004637414589524269  0.003959400113672018 
138.0 0.004513592924922705  0.00393978226929903 
139.0 0.004488462582230568  0.003933128900825977 
140.0 0.004397920798510313  0.003907768055796623 
141.0 0.004376545082777739  0.0039049009792506695 
142.0 0.004506979137659073  0.0038990795146673918 
143.0 0.004237959627062082  0.003921184688806534 
144.0 0.004553875885903835  0.0038527378346771 
145.0 0.004291024524718523  0.003903917269781232 
146.0 0.004469746723771095  0.0038645053282380104 
147.0 0.004290776327252388  0.0038598196115344763 
148.0 0.004203066695481539  0.0038830016274005175 
149.0 0.0045670741237699986  0.0038205233868211508 
150.0 0.004471522755920887  0.003835465991869569 
151.0 0.004553687293082476  0.0038172584027051926 
152.0 0.00453287223353982  0.0038110350724309683 
153.0 0.004329961724579334  0.0038233287632465363 
154.0 0.00458324421197176  0.003807591740041971 
155.0 0.0046622841618955135  0.00378431542776525 
156.0 0.0047011650167405605  0.003794784424826503 
157.0 0.0044669415801763535  0.0037888106890022755 
158.0 0.004364132881164551  0.0037775817327201366 
159.0 0.004424533806741238  0.0037676850333809853 
160.0 0.004589562304317951  0.003742907429113984 
161.0 0.0045511480420827866  0.003753947326913476 
162.0 0.0043958453461527824  0.0037427330389618874 
163.0 0.00454995222389698  0.00373982940800488 
164.0 0.004362089093774557  0.0037298849783837795 
165.0 0.00424744188785553  0.0037337157409638166 
166.0 0.004214066546410322  0.0037214886397123337 
167.0 0.004238745663315058  0.0037086596712470055 
168.0 0.004319831263273954  0.0036968947388231754 
