0.0 0.0946350246667862  0.15482838451862335 
1.0 0.060432318598032  0.07041523605585098 
2.0 0.05115901306271553  0.052043553441762924 
3.0 0.047248344868421555  0.04457675293087959 
4.0 0.03738406300544739  0.03977176919579506 
5.0 0.03443024680018425  0.03683895245194435 
6.0 0.03284569829702377  0.034795332700014114 
7.0 0.031921543180942535  0.033265620470047 
8.0 0.030529092997312546  0.031967002898454666 
9.0 0.029821572825312614  0.03092181496322155 
10.0 0.028824690729379654  0.029962606728076935 
11.0 0.02777867391705513  0.02906632050871849 
12.0 0.026367314159870148  0.028180429711937904 
13.0 0.026466937735676765  0.027293730527162552 
14.0 0.024946589022874832  0.026436105370521545 
15.0 0.02458471991121769  0.025655802339315414 
16.0 0.024208925664424896  0.024976033717393875 
17.0 0.023027384653687477  0.024394633248448372 
18.0 0.023166779428720474  0.023804379627108574 
19.0 0.02185843326151371  0.023350412026047707 
20.0 0.02165062166750431  0.02283577062189579 
21.0 0.023147208616137505  0.022342156618833542 
22.0 0.020629871636629105  0.021869482472538948 
23.0 0.020096326246857643  0.02143275737762451 
24.0 0.0211371798068285  0.020907161757349968 
25.0 0.019243774935603142  0.020382704213261604 
26.0 0.019101528450846672  0.01977226510643959 
27.0 0.021216601133346558  0.019263669848442078 
28.0 0.017661072313785553  0.018871748819947243 
29.0 0.016847604885697365  0.0183075200766325 
30.0 0.01993856206536293  0.017832094803452492 
31.0 0.016833757981657982  0.017514850944280624 
32.0 0.016904182732105255  0.01708388328552246 
33.0 0.0192863792181015  0.016672879457473755 
34.0 0.01698789931833744  0.016396978870034218 
35.0 0.016027772799134254  0.01602109521627426 
36.0 0.01564898155629635  0.01564001850783825 
37.0 0.014984985813498497  0.015385104343295097 
38.0 0.01487727276980877  0.015088574960827827 
39.0 0.014517541974782944  0.01470541674643755 
40.0 0.015381569042801857  0.014600802212953568 
41.0 0.014373979531228542  0.014297651126980782 
42.0 0.012928295880556107  0.01410329807549715 
43.0 0.014188922941684723  0.013814665377140045 
44.0 0.013155413791537285  0.013676516711711884 
45.0 0.012753032147884369  0.013436672277748585 
46.0 0.012549768202006817  0.01330111175775528 
47.0 0.011872692033648491  0.012997251935303211 
48.0 0.01199747808277607  0.012967615388333797 
49.0 0.013595583848655224  0.012821291573345661 
50.0 0.012376870959997177  0.012596601620316505 
51.0 0.012047091498970985  0.012536993250250816 
52.0 0.0118317361921072  0.012138261459767818 
53.0 0.013676763512194157  0.012103166431188583 
54.0 0.010814221575856209  0.012021019123494625 
55.0 0.010824590921401978  0.011775205843150616 
56.0 0.014870427548885345  0.012694302946329117 
57.0 0.010037385858595371  0.012948574498295784 
58.0 0.01219046302139759  0.011427203193306923 
59.0 0.010087511502206326  0.011203287169337273 
60.0 0.009854628704488277  0.01099817268550396 
61.0 0.011115015484392643  0.010717606171965599 
62.0 0.00964241474866867  0.010736802592873573 
63.0 0.00902316253632307  0.010435264557600021 
64.0 0.009173673577606678  0.010331203229725361 
65.0 0.008703655563294888  0.010254111140966415 
66.0 0.010997607372701168  0.010007639415562153 
67.0 0.008547217585146427  0.009798132814466953 
68.0 0.011341240257024765  0.009631961584091187 
69.0 0.008509788662195206  0.00996503047645092 
70.0 0.009487471543252468  0.009687883779406548 
71.0 0.008902876637876034  0.009401966817677021 
72.0 0.009096085093915462  0.009509602561593056 
73.0 0.008332657627761364  0.009201600216329098 
74.0 0.009033135138452053  0.009163943119347095 
75.0 0.008761829696595669  0.009094610810279846 
76.0 0.008968520909547806  0.008968422189354897 
77.0 0.00795147567987442  0.008923937566578388 
78.0 0.009935700334608555  0.008903847075998783 
79.0 0.011320755816996098  0.008823432959616184 
80.0 0.01416056975722313  0.008692258968949318 
81.0 0.008390184491872787  0.008668353781104088 
82.0 0.0076439534313976765  0.008635619655251503 
83.0 0.011380422860383987  0.008591283112764359 
84.0 0.008697678335011005  0.008425283245742321 
85.0 0.00878765620291233  0.008304969407618046 
86.0 0.007619808427989483  0.0086130416020751 
87.0 0.008841506205499172  0.008448837324976921 
88.0 0.007251431699842215  0.00827830471098423 
89.0 0.008752412162721157  0.00823189876973629 
90.0 0.007392099592834711  0.008128098212182522 
91.0 0.009027086198329926  0.008080693893134594 
92.0 0.006695063319057226  0.008060171268880367 
93.0 0.006563898175954819  0.007856771349906921 
94.0 0.008560829795897007  0.007780503481626511 
95.0 0.00739480322226882  0.007940530776977539 
96.0 0.007436953019350767  0.007718504872173071 
97.0 0.008200259879231453  0.007552279159426689 
98.0 0.008271862752735615  0.00758011732250452 
99.0 0.009133626706898212  0.0074584814719855785 
100.0 0.0063247075304389  0.007705981377512217 
101.0 0.007893044501543045  0.007530233357101679 
102.0 0.006848001852631569  0.007318517658859491 
103.0 0.007265544030815363  0.007385254837572575 
104.0 0.010160606354475021  0.007196871098130941 
105.0 0.007087235804647207  0.0073716407641768456 
106.0 0.008319432847201824  0.007163915317505598 
107.0 0.008680176921188831  0.007272203452885151 
108.0 0.007140025496482849  0.007242121733725071 
109.0 0.007194561418145895  0.0071234568022191525 
110.0 0.010854480788111687  0.0070926109328866005 
111.0 0.0068265581503510475  0.0071092876605689526 
112.0 0.005892218090593815  0.007115228101611137 
113.0 0.009314335882663727  0.006926023866981268 
114.0 0.007989251986145973  0.0069528003223240376 
115.0 0.005961491726338863  0.006690143141895533 
116.0 0.0095820352435112  0.006843655835837126 
117.0 0.006442117504775524  0.006761643104255199 
118.0 0.006387830246239901  0.006812926847487688 
119.0 0.007533639669418335  0.0067089456133544445 
120.0 0.00884530134499073  0.00663011847063899 
121.0 0.009977263398468494  0.006734275259077549 
122.0 0.011083939112722874  0.006669013295322657 
123.0 0.010706343688070774  0.006624788511544466 
124.0 0.006725175306200981  0.00668725511059165 
125.0 0.00635105324909091  0.006425919476896524 
126.0 0.0062395865097641945  0.006571502424776554 
127.0 0.012108932249248028  0.0063635315746068954 
128.0 0.006293764337897301  0.006597060244530439 
129.0 0.006171938497573137  0.006407706532627344 
130.0 0.0058892094530165195  0.006397077813744545 
131.0 0.005627738777548075  0.006326003465801477 
132.0 0.014541488140821457  0.006353715434670448 
133.0 0.010496839880943298  0.006806612014770508 
134.0 0.00638031167909503  0.006422723177820444 
135.0 0.005815952550619841  0.006175844930112362 
136.0 0.006217467598617077  0.006427504122257233 
137.0 0.007268890738487244  0.006181178614497185 
138.0 0.0058855656534433365  0.0060386694967746735 
139.0 0.006724131293594837  0.006074265576899052 
140.0 0.007595512550324202  0.006156272254884243 
141.0 0.005988787394016981  0.006175791844725609 
142.0 0.005730008706450462  0.005903639364987612 
143.0 0.007288564927875996  0.006121475715190172 
144.0 0.006438415963202715  0.005837240722030401 
145.0 0.006176535971462727  0.005962828639894724 
146.0 0.007644039113074541  0.005781298968940973 
147.0 0.00711381109431386  0.005887137260288 
148.0 0.005849205423146486  0.005739700980484486 
149.0 0.0060036624781787395  0.005876415409147739 
150.0 0.00595886493101716  0.00572379631921649 
151.0 0.011821744963526726  0.005779380910098553 
