0.0 0.08249176293611526  0.09834999591112137 
1.0 0.07654611021280289  0.07029084861278534 
2.0 0.07053276896476746  0.061065685003995895 
3.0 0.06202390417456627  0.054781075567007065 
4.0 0.05259626731276512  0.04983683302998543 
5.0 0.05195451155304909  0.04633516073226929 
6.0 0.04622377082705498  0.04403511807322502 
7.0 0.043717071413993835  0.042250268161296844 
8.0 0.041913531720638275  0.041412245482206345 
9.0 0.037255652248859406  0.039740271866321564 
10.0 0.035992056131362915  0.03848322480916977 
11.0 0.05114234983921051  0.03767688199877739 
12.0 0.039655156433582306  0.037014253437519073 
13.0 0.04139697179198265  0.03592921048402786 
14.0 0.034675296396017075  0.034815654158592224 
15.0 0.04361433908343315  0.03378939628601074 
16.0 0.04069269448518753  0.03336433693766594 
17.0 0.03506379574537277  0.03181898593902588 
18.0 0.03772377595305443  0.03145983815193176 
19.0 0.03259645774960518  0.031069083139300346 
20.0 0.052045393735170364  0.029775841161608696 
21.0 0.04536471143364906  0.029935291036963463 
22.0 0.03688863664865494  0.028663694858551025 
23.0 0.041782110929489136  0.027359407395124435 
24.0 0.04360833764076233  0.02788935974240303 
25.0 0.02758065052330494  0.026729824021458626 
26.0 0.03349684923887253  0.025879953056573868 
27.0 0.0485093891620636  0.025623569265007973 
28.0 0.024110257625579834  0.025621475651860237 
29.0 0.04169486090540886  0.023801589384675026 
30.0 0.026370618492364883  0.024193396791815758 
31.0 0.05404282361268997  0.02321714535355568 
32.0 0.031811222434043884  0.02322070673108101 
33.0 0.04586688429117203  0.022837810218334198 
34.0 0.037407927215099335  0.02189674787223339 
35.0 0.026133587583899498  0.022712580859661102 
36.0 0.021400056779384613  0.020218493416905403 
37.0 0.018717437982559204  0.021030178293585777 
38.0 0.016753967851400375  0.020241349935531616 
39.0 0.024084588512778282  0.020323559641838074 
40.0 0.02521483600139618  0.02001173608005047 
41.0 0.01983042061328888  0.019438376650214195 
42.0 0.03494515269994736  0.019238241016864777 
43.0 0.016270190477371216  0.01959845796227455 
44.0 0.04258102551102638  0.018663305789232254 
45.0 0.01786303147673607  0.019424956291913986 
46.0 0.023633621633052826  0.018727343529462814 
47.0 0.02632807195186615  0.018659938126802444 
48.0 0.01804642751812935  0.01792370341718197 
49.0 0.014228228479623795  0.017900729551911354 
50.0 0.029411649331450462  0.017207114025950432 
51.0 0.02316741645336151  0.018309026956558228 
52.0 0.018233992159366608  0.017815034836530685 
53.0 0.02638031728565693  0.017017515376210213 
54.0 0.015573618933558464  0.01666015014052391 
55.0 0.03751320764422417  0.01670110411942005 
56.0 0.018060505390167236  0.01763777807354927 
57.0 0.028034742921590805  0.017242325469851494 
58.0 0.043728314340114594  0.016395101323723793 
59.0 0.021219970658421516  0.01695932261645794 
60.0 0.017564231529831886  0.015989307314157486 
61.0 0.016896527260541916  0.016167910769581795 
62.0 0.012990524061024189  0.015882058069109917 
63.0 0.01701187901198864  0.015401052311062813 
64.0 0.02330746129155159  0.015453480184078217 
65.0 0.018364306539297104  0.016105618327856064 
66.0 0.025204898789525032  0.015643944963812828 
67.0 0.01904420368373394  0.014919447712600231 
68.0 0.025674249976873398  0.014896905981004238 
69.0 0.013567602261900902  0.015446064062416553 
70.0 0.024669086560606956  0.016060952097177505 
71.0 0.020102696493268013  0.014996951445937157 
72.0 0.01569574885070324  0.015189970843493938 
73.0 0.014962652698159218  0.014800596050918102 
74.0 0.0132893742993474  0.014814797788858414 
75.0 0.022567804902791977  0.01428708340972662 
76.0 0.015926949679851532  0.013951069675385952 
77.0 0.015213552862405777  0.014114267192780972 
78.0 0.013014839962124825  0.014624573290348053 
79.0 0.019699422642588615  0.014297221787273884 
80.0 0.017126137390732765  0.014577156864106655 
81.0 0.01624809205532074  0.014125718735158443 
82.0 0.010522832162678242  0.013878320343792439 
83.0 0.011666940525174141  0.014355190098285675 
84.0 0.012902822345495224  0.013773100450634956 
85.0 0.013404406607151031  0.013626412488520145 
86.0 0.010210484266281128  0.013574901036918163 
87.0 0.019671879708766937  0.013586183078587055 
88.0 0.012515217997133732  0.014093386009335518 
89.0 0.014159267768263817  0.013563056476414204 
90.0 0.019374528899788857  0.012833050452172756 
91.0 0.012422475032508373  0.013402466662228107 
92.0 0.030735302716493607  0.013143987394869328 
93.0 0.01756415143609047  0.013209431432187557 
94.0 0.02202468551695347  0.01302174013108015 
95.0 0.01922937110066414  0.013500954955816269 
96.0 0.018824173137545586  0.01266967412084341 
97.0 0.012131566181778908  0.01319913100451231 
98.0 0.015830323100090027  0.01304200291633606 
99.0 0.010487999767065048  0.013420402072370052 
100.0 0.011304210871458054  0.013308030553162098 
101.0 0.009646154940128326  0.01252178568392992 
102.0 0.0135172875598073  0.012183096259832382 
103.0 0.012917222455143929  0.012826007790863514 
104.0 0.009877791628241539  0.012831753119826317 
105.0 0.01086538378149271  0.01250767707824707 
106.0 0.018123779445886612  0.012719818390905857 
107.0 0.010395421646535397  0.012766776606440544 
108.0 0.011812020093202591  0.012158267199993134 
109.0 0.013655474409461021  0.012260675430297852 
110.0 0.010926355607807636  0.011983546428382397 
111.0 0.01434700470417738  0.01252075657248497 
112.0 0.010349851101636887  0.012226847000420094 
113.0 0.013765672221779823  0.01224491186439991 
114.0 0.014061280526220798  0.012644054368138313 
115.0 0.011301813647150993  0.012023872695863247 
116.0 0.0109200244769454  0.012471755966544151 
117.0 0.009511683136224747  0.012008698657155037 
118.0 0.010300067253410816  0.01223839819431305 
119.0 0.009879639372229576  0.012020345777273178 
120.0 0.013288255780935287  0.012188724242150784 
121.0 0.013951553963124752  0.01180464867502451 
122.0 0.010934746824204922  0.011458121240139008 
123.0 0.008988728746771812  0.011710514314472675 
124.0 0.035096049308776855  0.011918125674128532 
125.0 0.01423582062125206  0.012518124654889107 
126.0 0.012494652532041073  0.011238839477300644 
127.0 0.008832774125039577  0.011666396632790565 
128.0 0.026696326211094856  0.011905853636562824 
129.0 0.011069775559008121  0.011231914162635803 
130.0 0.008527490310370922  0.011281490325927734 
131.0 0.009508509188890457  0.011471707373857498 
132.0 0.009336648508906364  0.011510934680700302 
133.0 0.018841944634914398  0.011559228412806988 
134.0 0.009259535931050777  0.011426305398344994 
135.0 0.009297619573771954  0.011248174123466015 
136.0 0.00913265161216259  0.011425064876675606 
137.0 0.009409081190824509  0.010973400436341763 
138.0 0.008634994737803936  0.010953433811664581 
139.0 0.01603783667087555  0.010882526636123657 
140.0 0.010599522851407528  0.011165430769324303 
141.0 0.020983412861824036  0.010754297487437725 
142.0 0.015090065076947212  0.01056046225130558 
143.0 0.011588369496166706  0.01111188717186451 
144.0 0.009398926980793476  0.010881638154387474 
145.0 0.009954496286809444  0.011222929693758488 
146.0 0.009094813838601112  0.01089468039572239 
147.0 0.008575686253607273  0.010923171415925026 
148.0 0.010012888349592686  0.010626092553138733 
149.0 0.0195611622184515  0.010772163979709148 
150.0 0.009034412913024426  0.010906149633228779 
