0.0 0.08980638533830643  0.13654261827468872 
1.0 0.04742969572544098  0.07011275738477707 
2.0 0.03497428819537163  0.03955628722906113 
3.0 0.031701695173978806  0.031285520642995834 
4.0 0.025570297613739967  0.027559638023376465 
5.0 0.022215833887457848  0.024306118488311768 
6.0 0.020318951457738876  0.021851520985364914 
7.0 0.02050505019724369  0.020059334114193916 
8.0 0.02060641162097454  0.018497414886951447 
9.0 0.01939248852431774  0.017179563641548157 
10.0 0.017099443823099136  0.015822002664208412 
11.0 0.0173307154327631  0.014537341892719269 
12.0 0.017086224630475044  0.013640867546200752 
13.0 0.015732744708657265  0.012846364639699459 
14.0 0.012982398271560669  0.012393535114824772 
15.0 0.01206350326538086  0.011727464385330677 
16.0 0.011936693452298641  0.011248808354139328 
17.0 0.01160051953047514  0.01087202038615942 
18.0 0.010634721256792545  0.010534190572798252 
19.0 0.010464420542120934  0.010245740413665771 
20.0 0.011038732714951038  0.009820143692195415 
21.0 0.010420916602015495  0.009120581671595573 
22.0 0.009303700178861618  0.008310466073453426 
23.0 0.007925408892333508  0.0075620138086378574 
24.0 0.0074922991916537285  0.006971436552703381 
25.0 0.008293140679597855  0.006522356066852808 
26.0 0.009052849374711514  0.006201301701366901 
27.0 0.008737136609852314  0.005880018230527639 
28.0 0.008186379447579384  0.005570417270064354 
29.0 0.007371087558567524  0.0053258934058249 
30.0 0.006148345768451691  0.005100035108625889 
31.0 0.006703296210616827  0.00484858313575387 
32.0 0.005807750392705202  0.00470398785546422 
33.0 0.005705212242901325  0.004539225250482559 
34.0 0.005149628035724163  0.004372828174382448 
35.0 0.0043331049382686615  0.004256246145814657 
36.0 0.004297100938856602  0.004099276382476091 
37.0 0.004330852534621954  0.00403054803609848 
38.0 0.004463948775082827  0.003853853791952133 
39.0 0.00466896453872323  0.003785600420087576 
40.0 0.004804551601409912  0.0037297927774488926 
41.0 0.0038062615785747766  0.003678431734442711 
42.0 0.003747545415535569  0.003549356246367097 
43.0 0.0049555255100131035  0.0034551164135336876 
44.0 0.003691957099363208  0.0034703132696449757 
45.0 0.0038635251112282276  0.003319661132991314 
46.0 0.003234349424019456  0.0032544287387281656 
47.0 0.0032799469772726297  0.0032323552295565605 
48.0 0.004284743685275316  0.0031581262592226267 
49.0 0.003194288583472371  0.003112996928393841 
50.0 0.0035863101948052645  0.003097973298281431 
51.0 0.003285755403339863  0.0029709837399423122 
52.0 0.0034958263859152794  0.002971943002194166 
53.0 0.0035192298237234354  0.00289017241448164 
54.0 0.0033483614679425955  0.002833618549630046 
55.0 0.002472086576744914  0.0028434330597519875 
56.0 0.0023055702913552523  0.002747518476098776 
57.0 0.0025534480810165405  0.002701352583244443 
58.0 0.0024757960345596075  0.0027040995191782713 
59.0 0.007078137714415789  0.002617655787616968 
60.0 0.002743133809417486  0.0026070603635162115 
61.0 0.002311058808118105  0.0025546459946781397 
62.0 0.002598921302706003  0.0025127516128122807 
63.0 0.005068465601652861  0.002578853163868189 
64.0 0.0023016156628727913  0.002435461850836873 
65.0 0.0025677846278995275  0.0024327198043465614 
66.0 0.002234590006992221  0.0024086718913167715 
67.0 0.0023214840330183506  0.0023743261117488146 
68.0 0.0024880156852304935  0.002322547836229205 
69.0 0.0025015368591994047  0.0023215673863887787 
70.0 0.002989080036059022  0.0022948896512389183 
71.0 0.0025468398816883564  0.002277222229167819 
72.0 0.0021739164367318153  0.002244170755147934 
73.0 0.002236991887912154  0.0022503547370433807 
74.0 0.0020952047780156136  0.0021915503311902285 
75.0 0.002263890579342842  0.0021577305160462856 
76.0 0.002339029684662819  0.0021598401945084333 
77.0 0.0021704197861254215  0.0021493760868906975 
78.0 0.0029779402539134026  0.0020688152872025967 
79.0 0.0018819674151018262  0.002110003028064966 
80.0 0.002134124981239438  0.002044463763013482 
81.0 0.002481114352121949  0.002037967089563608 
82.0 0.003449590178206563  0.0020097889937460423 
83.0 0.002155924215912819  0.0020112404599785805 
84.0 0.0021414875518530607  0.0019890787079930305 
85.0 0.0017414995236322284  0.001987817697227001 
86.0 0.0017626896733418107  0.0019490414997562766 
87.0 0.002042072592303157  0.0019599799998104572 
88.0 0.002128433668985963  0.0019140434451401234 
89.0 0.002591004827991128  0.001944312360137701 
90.0 0.0017175079556182027  0.0018772105686366558 
91.0 0.002125783823430538  0.0018526017665863037 
92.0 0.0020463578402996063  0.0018682287773117423 
93.0 0.0018641488859429955  0.0018178722821176052 
94.0 0.00230151554569602  0.001830612076446414 
95.0 0.0022801405284553766  0.001828179694712162 
96.0 0.0019456360023468733  0.0017903788248077035 
97.0 0.0019713074434548616  0.0017934999195858836 
98.0 0.0020085489377379417  0.0017697828589007258 
99.0 0.0019886705558747053  0.0017521652625873685 
100.0 0.0019406366627663374  0.0017684691119939089 
101.0 0.0018893190426751971  0.0017234652768820524 
102.0 0.00178318633697927  0.0017182229785248637 
103.0 0.0017121599521487951  0.001772367744706571 
104.0 0.0021416989620774984  0.001655107131227851 
105.0 0.001864674617536366  0.0016832560067996383 
106.0 0.002006507245823741  0.0016663284040987492 
107.0 0.002018284983932972  0.0016618416411802173 
108.0 0.0016435825964435935  0.001718329731374979 
109.0 0.002004684181883931  0.0015986765502020717 
110.0 0.002626752248033881  0.0016406102804467082 
111.0 0.0021837474778294563  0.0016166158020496368 
112.0 0.001981268869712949  0.0016360987210646272 
113.0 0.0020211588125675917  0.0015810662880539894 
114.0 0.0018646742682904005  0.001621211296878755 
115.0 0.0022561291698366404  0.001553413225337863 
116.0 0.0021882462315261364  0.0015800809487700462 
117.0 0.001818097080104053  0.0016399414744228125 
118.0 0.0021758994553238153  0.0015009555500000715 
119.0 0.0016617986839264631  0.0016156835481524467 
120.0 0.0026995425578206778  0.0015077732969075441 
121.0 0.0035092236939817667  0.0015407841419801116 
122.0 0.0015344290295615792  0.001533337403088808 
123.0 0.0016610552556812763  0.0015408704057335854 
124.0 0.0017079048557206988  0.001544212456792593 
125.0 0.001691134530119598  0.0014921461697667837 
126.0 0.001651523169130087  0.0015016578836366534 
127.0 0.0027574775740504265  0.001454156357795 
128.0 0.0017744628712534904  0.001506161061115563 
129.0 0.0034693307243287563  0.0014072833582758904 
130.0 0.0017877264181151986  0.0015268888091668487 
131.0 0.0025888753589242697  0.0014129063347354531 
132.0 0.0015499882865697145  0.0014990386553108692 
133.0 0.0033725120592862368  0.001409779186360538 
134.0 0.0013104253448545933  0.0014456756180152297 
135.0 0.002334300894290209  0.0013884028885513544 
136.0 0.0025993813760578632  0.0013847958762198687 
137.0 0.0013607678702101111  0.0014525488950312138 
138.0 0.0021073108073323965  0.0013422598131000996 
139.0 0.0013444506330415606  0.0014299278846010566 
140.0 0.0015156721929088235  0.0013906111707910895 
141.0 0.0016799317672848701  0.0013105616671964526 
142.0 0.0014705401845276356  0.0014276964357122779 
143.0 0.0020078434608876705  0.001320497365668416 
144.0 0.0016092616133391857  0.0013798552099615335 
145.0 0.0016416891012340784  0.0012824576115235686 
146.0 0.0017344667576253414  0.0013282204745337367 
147.0 0.002081054262816906  0.0013140301452949643 
148.0 0.0014757411554455757  0.0013807237846776843 
149.0 0.002092676470056176  0.0012635737657546997 
150.0 0.0023250749800354242  0.001301362062804401 
151.0 0.0014676630962640047  0.0013679192634299397 
152.0 0.0014346677344292402  0.0012669501593336463 
153.0 0.0012349175522103906  0.0013302862644195557 
154.0 0.0016658116364851594  0.0012309319572523236 
155.0 0.0018902779556810856  0.0012640865752473474 
156.0 0.0019539969507604837  0.001268046791665256 
157.0 0.0022038763854652643  0.0012641334906220436 
158.0 0.0013562572421506047  0.0013197541702538729 
159.0 0.001989522250369191  0.001207639230415225 
160.0 0.0015968125080689788  0.0012695600744336843 
161.0 0.001592637854628265  0.0012104850029572845 
162.0 0.0015413195360451937  0.0012625684030354023 
163.0 0.001980850240215659  0.0012241058284416795 
164.0 0.0025866141077131033  0.0012136950390413404 
165.0 0.0019115975592285395  0.0012075204867869616 
166.0 0.0023989456240087748  0.0012244010576978326 
167.0 0.0014129531336948276  0.0012771942419931293 
168.0 0.0013862363994121552  0.0011522247223183513 
169.0 0.0012423850130289793  0.0012778806267306209 
170.0 0.0013354362454265356  0.0011933244531974196 
171.0 0.0013445632066577673  0.0012163787614554167 
172.0 0.0011472342303022742  0.0012099993182346225 
173.0 0.0017598724225535989  0.0011252020485699177 
174.0 0.0011251979740336537  0.001209546928294003 
175.0 0.001182985957711935  0.0012140768812969327 
176.0 0.0012954784324392676  0.0011987031903117895 
177.0 0.0012727499706670642  0.0011239489540457726 
178.0 0.0018383916467428207  0.0011453800834715366 
179.0 0.0011861888924613595  0.001217382145114243 
180.0 0.0014756520977243781  0.0010919509222730994 
181.0 0.0011347917607054114  0.001221087179146707 
182.0 0.0015397887909784913  0.0010941768996417522 
183.0 0.0012678360799327493  0.0011195313418284059 
184.0 0.0011204201728105545  0.001198232057504356 
185.0 0.0012346067233011127  0.0010748328641057014 
186.0 0.0010664472356438637  0.0011455980129539967 
187.0 0.001228354056365788  0.0011746863601729274 
188.0 0.0017103066202253103  0.001075150677934289 
189.0 0.0013212414924055338  0.0011054561473429203 
190.0 0.0015756204957142472  0.00110478769056499 
191.0 0.0015422538854181767  0.0010997424833476543 
192.0 0.0017769167898222804  0.0011014650808647275 
193.0 0.0013524610549211502  0.0011057688388973475 
194.0 0.0011466068681329489  0.001101979985833168 
195.0 0.0013946281978860497  0.0010861748596653342 
196.0 0.0013444594806060195  0.0010856548324227333 
197.0 0.0013255904195830226  0.0010731066577136517 
198.0 0.0015157517045736313  0.0010937727056443691 
199.0 0.001349203521385789  0.0010692175710573792 
