0.0 0.03103707917034626  0.06751389801502228 
1.0 0.019955560564994812  0.02467731013894081 
2.0 0.014198392629623413  0.015357263386249542 
3.0 0.00968460738658905  0.01005768682807684 
4.0 0.007141335401684046  0.007843398489058018 
5.0 0.005801657680422068  0.006602142006158829 
6.0 0.005854140967130661  0.005781892687082291 
7.0 0.005239265970885754  0.005250303540378809 
8.0 0.0046875858679413795  0.004846133757382631 
9.0 0.0039442153647542  0.004511165898293257 
10.0 0.0038005865644663572  0.004255624487996101 
11.0 0.003803306259214878  0.004026801325380802 
12.0 0.003933289088308811  0.003820983460173011 
13.0 0.0038982213009148836  0.0036534906830638647 
14.0 0.0037272495683282614  0.0034878826700150967 
15.0 0.004023950081318617  0.003361016046255827 
16.0 0.0035612708888947964  0.0032229661010205746 
17.0 0.0034245469141751528  0.0031418241560459137 
18.0 0.003302282653748989  0.0030501033179461956 
19.0 0.0031852738466113806  0.0029516974464058876 
20.0 0.003072853432968259  0.0028705771546810865 
21.0 0.002991679823026061  0.0027829459868371487 
22.0 0.002991796238347888  0.002716996008530259 
23.0 0.0029045790433883667  0.002655142918229103 
24.0 0.0028368779458105564  0.002601758111268282 
25.0 0.0028583926614373922  0.0025338532868772745 
26.0 0.0028915738221257925  0.0024877183604985476 
27.0 0.002895466750487685  0.002442988334223628 
28.0 0.0030319548677653074  0.002385710598900914 
29.0 0.0028420542366802692  0.0023462558165192604 
30.0 0.0029204022139310837  0.0023196213878691196 
31.0 0.0029427511617541313  0.002281908178701997 
32.0 0.0028747955802828074  0.0022500392515212297 
33.0 0.0027892841026186943  0.0022104668896645308 
34.0 0.0026496879290789366  0.0021820180118083954 
35.0 0.0026903117541223764  0.0021534785628318787 
36.0 0.0025489625986665487  0.0021244066301733255 
37.0 0.002714758738875389  0.0020987526513636112 
38.0 0.00247599626891315  0.0020636238623410463 
39.0 0.0025018835440278053  0.0020537381060421467 
40.0 0.002470595994964242  0.0020282105542719364 
41.0 0.002390155801549554  0.0020028462167829275 
42.0 0.00232279347255826  0.001980756176635623 
43.0 0.0022765991743654013  0.0019594684708863497 
44.0 0.0022195824421942234  0.0019360444275662303 
45.0 0.002191697945818305  0.0019174854969605803 
46.0 0.0020865860860794783  0.0018959947628900409 
47.0 0.001989892218261957  0.001874488894827664 
48.0 0.002070025773718953  0.0018525037448853254 
49.0 0.002240977017208934  0.0018281659577041864 
50.0 0.002128683729097247  0.0018082635942846537 
51.0 0.0021854317747056484  0.0017979646800085902 
52.0 0.0021785458084195852  0.0017767205135896802 
53.0 0.0022316796239465475  0.0017594383098185062 
54.0 0.0021358260419219732  0.0017422816017642617 
55.0 0.0021753471810370684  0.0017220083391293883 
56.0 0.002199427457526326  0.0016967121046036482 
57.0 0.0022766911424696445  0.0016780582955107093 
58.0 0.0024840538389980793  0.0016633779741823673 
59.0 0.0023102809209376574  0.001638132962398231 
60.0 0.002063646214082837  0.001617209636606276 
61.0 0.0019920417107641697  0.0015935213305056095 
62.0 0.0018953562248498201  0.001579056028276682 
63.0 0.001890426967293024  0.0015441235154867172 
64.0 0.0016284086741507053  0.0015327016590163112 
65.0 0.0016380527522414923  0.0015045658219605684 
66.0 0.001584862358868122  0.0014823173405602574 
67.0 0.0015722928801551461  0.0014635208062827587 
68.0 0.0015598241006955504  0.0014446568675339222 
69.0 0.0015622550854459405  0.0014228149084374309 
70.0 0.0015237514162436128  0.0014058098895475268 
71.0 0.0015495853731408715  0.0013895471347495914 
72.0 0.0015393459470942616  0.001378580927848816 
73.0 0.001505949068814516  0.0013646415900439024 
74.0 0.001537544303573668  0.001352540566585958 
75.0 0.001533598406240344  0.0013448731042444706 
76.0 0.0015088526997715235  0.001334149157628417 
77.0 0.001520666410215199  0.0013235933147370815 
78.0 0.001539723016321659  0.0013131038285791874 
79.0 0.0015476768603548408  0.0013037980534136295 
80.0 0.0015501362504437566  0.001294370973482728 
81.0 0.0015448773046955466  0.0012851289939135313 
82.0 0.0015723067335784435  0.0012766800355166197 
83.0 0.0015872814692556858  0.0012693797471001744 
84.0 0.0016178702935576439  0.0012610320700332522 
85.0 0.0015788174932822585  0.0012537534348666668 
86.0 0.0016236682422459126  0.0012442001607269049 
87.0 0.001670902711339295  0.0012386644957587123 
88.0 0.0015819822438061237  0.0012302864342927933 
89.0 0.0015338027151301503  0.0012211977737024426 
90.0 0.001483151107095182  0.0012119092280045152 
91.0 0.001443707849830389  0.0012093127006664872 
92.0 0.0014107319293543696  0.001201127888634801 
93.0 0.0014198358403518796  0.0011934846406802535 
94.0 0.0013956122566014528  0.0011877224314957857 
95.0 0.0013943795347586274  0.0011815609177574515 
96.0 0.0013986345147714019  0.0011750806588679552 
97.0 0.0013787897769361734  0.00116848130710423 
98.0 0.0013590590097010136  0.0011625479673966765 
99.0 0.001328265410847962  0.0011556206736713648 
100.0 0.0013310625217854977  0.0011491428595036268 
101.0 0.0013144141994416714  0.001140816486440599 
102.0 0.001340045710094273  0.0011356815230101347 
103.0 0.001338222878985107  0.0011275287251919508 
104.0 0.0013390133390203118  0.0011181652080267668 
105.0 0.0012913771206513047  0.0011139899725094438 
106.0 0.0012551647378131747  0.0011015046620741487 
107.0 0.0013534947065636516  0.0010906399693340063 
108.0 0.001387612777762115  0.0010839002206921577 
109.0 0.0014690617099404335  0.0010741179576143622 
110.0 0.001386541873216629  0.0010692011564970016 
111.0 0.0013464231742545962  0.0010653164936229587 
112.0 0.001338035799562931  0.0010557465720921755 
113.0 0.0013062958605587482  0.0010488706175237894 
114.0 0.001307619852013886  0.0010430581169202924 
115.0 0.001287874416448176  0.0010355369886383414 
116.0 0.0012981134932488203  0.0010301681468263268 
117.0 0.0012433711672201753  0.001028489088639617 
118.0 0.001322063384577632  0.0010318054119125009 
119.0 0.0012365765869617462  0.001018985640257597 
120.0 0.001238242257386446  0.0010154653573408723 
121.0 0.001183440093882382  0.00100448087323457 
122.0 0.0012492965906858444  0.0010074726305902004 
123.0 0.0012064450420439243  0.0009986631339415908 
124.0 0.0011546326568350196  0.000992604997009039 
125.0 0.0011618072167038918  0.0009894617833197117 
126.0 0.0012376337544992566  0.000977001735009253 
127.0 0.0011813071323558688  0.000979311764240265 
128.0 0.0012175007723271847  0.0009741297690197825 
129.0 0.001320350798778236  0.0009640094940550625 
130.0 0.001281245844438672  0.0009622695506550372 
131.0 0.0012140822364017367  0.000957656477112323 
132.0 0.0012116616126149893  0.000953898299485445 
133.0 0.00129243906121701  0.0009515025303699076 
134.0 0.0011934366775676608  0.0009492358658462763 
135.0 0.0010725772008299828  0.0009491787059232593 
136.0 0.0010897843167185783  0.0009421300492249429 
137.0 0.0012057574931532145  0.0009313735063187778 
138.0 0.001177988131530583  0.0009332885383628309 
139.0 0.001232873066328466  0.0009279352962039411 
140.0 0.0012177929747849703  0.0009252468007616699 
141.0 0.0012022617738693953  0.000919793383218348 
142.0 0.0011920502875000238  0.0009188533877022564 
143.0 0.0011852121679112315  0.000917041499633342 
144.0 0.0011565196327865124  0.0009098207810893655 
145.0 0.0011601925361901522  0.0009099905728362501 
146.0 0.0011898874072358012  0.0009048947249539196 
147.0 0.0011498561361804605  0.0009038771386258304 
148.0 0.0011476452928036451  0.0009032989619299769 
149.0 0.0010760737350210547  0.0008976225508376956 
150.0 0.0011115759843960404  0.0008929999312385917 
151.0 0.0011589842615649104  0.0008947296300902963 
152.0 0.0011150998761877418  0.0008894837810657918 
153.0 0.0011370423017069697  0.0008873660699464381 
154.0 0.0011300641344860196  0.0008831571321934462 
155.0 0.0011195573024451733  0.0008766998071223497 
