0.0 0.07656826823949814  0.1486734300851822 
1.0 0.04540799558162689  0.058355044573545456 
2.0 0.03314428776502609  0.038948193192481995 
3.0 0.027655262500047684  0.031130334362387657 
4.0 0.02654770202934742  0.02716599404811859 
5.0 0.025157315656542778  0.0249212384223938 
6.0 0.023791180923581123  0.023277100175619125 
7.0 0.02179552987217903  0.021953299641609192 
8.0 0.019578656181693077  0.02088978700339794 
9.0 0.018858321011066437  0.02004474774003029 
10.0 0.018673637881875038  0.01926082745194435 
11.0 0.018168630078434944  0.018604276701807976 
12.0 0.01790277473628521  0.01802644319832325 
13.0 0.01718292385339737  0.01748383603990078 
14.0 0.016709160059690475  0.01697007566690445 
15.0 0.01598070189356804  0.01641770824790001 
16.0 0.015538927167654037  0.015974674373865128 
17.0 0.01501386146992445  0.01560917217284441 
18.0 0.014688133262097836  0.015276364982128143 
19.0 0.01446627639234066  0.014971612952649593 
20.0 0.014120947569608688  0.014674871228635311 
21.0 0.013933965004980564  0.014404223300516605 
22.0 0.013787385076284409  0.014103081077337265 
23.0 0.01359262503683567  0.013804463669657707 
24.0 0.012948964722454548  0.013514173217117786 
25.0 0.012725433334708214  0.013187693431973457 
26.0 0.012522945180535316  0.012858903035521507 
27.0 0.012232551351189613  0.012462972663342953 
28.0 0.011511718854308128  0.012063161469995975 
29.0 0.01110687293112278  0.011630643159151077 
30.0 0.011007029563188553  0.011005491018295288 
31.0 0.01024774182587862  0.010464652441442013 
32.0 0.01073109544813633  0.009999406524002552 
33.0 0.011220104061067104  0.00961629580706358 
34.0 0.011066797189414501  0.009285804815590382 
35.0 0.010182952508330345  0.008984248153865337 
36.0 0.010224436409771442  0.008750713430345058 
37.0 0.009741527959704399  0.008534235879778862 
38.0 0.0090913912281394  0.008364363573491573 
39.0 0.00867584627121687  0.008215856738388538 
40.0 0.00826560240238905  0.008091188035905361 
41.0 0.008308535441756248  0.007963307201862335 
42.0 0.008016747422516346  0.007861555553972721 
43.0 0.008017896674573421  0.007766381837427616 
44.0 0.007938181050121784  0.007670490071177483 
45.0 0.007960435003042221  0.007579068653285503 
46.0 0.007768474984914064  0.0075127375312149525 
47.0 0.007881817407906055  0.007427562028169632 
48.0 0.008565773256123066  0.007338682189583778 
49.0 0.00800720602273941  0.007290491834282875 
50.0 0.008432112634181976  0.007210504729300737 
51.0 0.008418296463787556  0.007162927649915218 
52.0 0.007819891907274723  0.007104238960891962 
53.0 0.00763242831453681  0.007041781209409237 
54.0 0.007340396288782358  0.006979858037084341 
55.0 0.007499672006815672  0.006922213360667229 
56.0 0.007393703795969486  0.006874559912830591 
57.0 0.007400935981422663  0.006811502855271101 
58.0 0.007114830426871777  0.0067727346904575825 
59.0 0.006928977556526661  0.0067290072329342365 
60.0 0.006740199401974678  0.006702333688735962 
61.0 0.006930477451533079  0.006650704890489578 
62.0 0.0066598812118172646  0.006620162166655064 
63.0 0.00675714947283268  0.006557130254805088 
64.0 0.006898538209497929  0.006515168584883213 
65.0 0.007103451527655125  0.006480865646153688 
66.0 0.006493567489087582  0.0064486186020076275 
67.0 0.006635043770074844  0.006409273948520422 
68.0 0.006672604009509087  0.0063765947706997395 
69.0 0.006382872350513935  0.006341694388538599 
70.0 0.006372679490596056  0.006302415393292904 
71.0 0.006212704814970493  0.006272013299167156 
72.0 0.006224694661796093  0.006236042827367783 
73.0 0.006264965049922466  0.0061988006345927715 
74.0 0.006529504898935556  0.006162751000374556 
75.0 0.006120424717664719  0.006126229651272297 
76.0 0.006216434296220541  0.006093818228691816 
77.0 0.0062345960177481174  0.006057935766875744 
78.0 0.006264028139412403  0.0060212863609194756 
79.0 0.0061507257632911205  0.0059889270924031734 
80.0 0.006063831504434347  0.005961825605481863 
81.0 0.00592796178534627  0.005926964338868856 
82.0 0.005910331383347511  0.005899353884160519 
83.0 0.005927824880927801  0.005868030712008476 
84.0 0.0059660738334059715  0.005838967394083738 
85.0 0.005744282156229019  0.005801859311759472 
86.0 0.005741200875490904  0.005776360165327787 
87.0 0.005751933436840773  0.005758728366345167 
88.0 0.005724784452468157  0.0057260384783148766 
89.0 0.005750633310526609  0.005694156046956778 
90.0 0.005678250920027494  0.005668692756444216 
91.0 0.005662987940013409  0.005636902526021004 
92.0 0.0055169882252812386  0.005609165411442518 
93.0 0.005526216700673103  0.005574346520006657 
94.0 0.0055142794735729694  0.005548175424337387 
95.0 0.005428172182291746  0.005535230040550232 
96.0 0.005554521456360817  0.00549285626038909 
97.0 0.005473721772432327  0.005461972206830978 
98.0 0.005373536609113216  0.005442132707685232 
99.0 0.005305714905261993  0.005404127761721611 
100.0 0.0052157798781991005  0.005381203722208738 
101.0 0.005228837486356497  0.005347757134586573 
102.0 0.005216119810938835  0.005321877542883158 
103.0 0.005233848933130503  0.0052921101450920105 
104.0 0.005154758226126432  0.005260230507701635 
105.0 0.005175064317882061  0.005229966249316931 
106.0 0.00582727650180459  0.0052017089910805225 
107.0 0.0056715067476034164  0.005171881522983313 
108.0 0.0057588303461670876  0.005136153195053339 
109.0 0.005898718256503344  0.005117100663483143 
110.0 0.005891010165214539  0.005078548565506935 
111.0 0.005537381861358881  0.005036232993006706 
112.0 0.005264700390398502  0.005008539650589228 
113.0 0.005215212237089872  0.00497030233964324 
114.0 0.0050255111418664455  0.00492777768522501 
115.0 0.005280200392007828  0.0048951562494039536 
116.0 0.005334238987416029  0.004843757953494787 
117.0 0.0052787126041948795  0.004802407696843147 
118.0 0.004812819417566061  0.004753854125738144 
119.0 0.0047614481300115585  0.004698806907981634 
120.0 0.004547563381493092  0.004650257062166929 
121.0 0.004459198564291  0.004595158156007528 
122.0 0.004406827036291361  0.004545335657894611 
123.0 0.004355307202786207  0.004478157497942448 
124.0 0.004406571388244629  0.004422937519848347 
125.0 0.004453172907233238  0.004366734530776739 
126.0 0.004385465756058693  0.004319771658629179 
127.0 0.0041686068288981915  0.004269571974873543 
128.0 0.00424414174631238  0.004239642061293125 
129.0 0.004355542827397585  0.0042044781148433685 
130.0 0.004224845208227634  0.004173527006059885 
131.0 0.004126629792153835  0.0041433414444327354 
132.0 0.003997695632278919  0.004114753101021051 
133.0 0.003941235598176718  0.004093301482498646 
134.0 0.0039060204289853573  0.004067747388035059 
135.0 0.003916203044354916  0.004047675058245659 
136.0 0.0038812190759927034  0.004029686562716961 
137.0 0.0038409812841564417  0.004006796982139349 
138.0 0.0038415216840803623  0.003986394498497248 
139.0 0.0037181288935244083  0.003968504723161459 
140.0 0.003701662179082632  0.003944067284464836 
141.0 0.0036609077360481024  0.0039337389171123505 
142.0 0.0036272185388952494  0.003916418645530939 
143.0 0.0036851230543106794  0.003902082797139883 
144.0 0.0036095697432756424  0.0038775985594838858 
145.0 0.0036083064042031765  0.003865212667733431 
146.0 0.003542135236784816  0.003848070977255702 
147.0 0.003534708172082901  0.0038390650879591703 
148.0 0.0035061989910900593  0.00381982559338212 
149.0 0.003532156115397811  0.0038004592061042786 
150.0 0.0034757836256176233  0.003786633489653468 
151.0 0.0034210430458188057  0.003780642757192254 
152.0 0.0034533031284809113  0.0037610104773193598 
153.0 0.0034547774121165276  0.003742830827832222 
154.0 0.003435192396864295  0.003736317390576005 
155.0 0.003418568754568696  0.003720307955518365 
156.0 0.003428058000281453  0.0037047266960144043 
157.0 0.0033263908699154854  0.0036983194295316935 
158.0 0.003365886164829135  0.003678475273773074 
159.0 0.0033526227343827486  0.003675292246043682 
160.0 0.003335800487548113  0.0036573789548128843 
161.0 0.0032777246087789536  0.003659251146018505 
162.0 0.0033062349539250135  0.0036365706473588943 
163.0 0.0033064279705286026  0.003629446728155017 
164.0 0.0032562643755227327  0.003610666375607252 
165.0 0.003256007097661495  0.0036114563699811697 
166.0 0.0032400081399828196  0.0035852352157235146 
167.0 0.003221459686756134  0.0035802379716187716 
168.0 0.003211343428120017  0.003577395109459758 
169.0 0.003139713080599904  0.003551639849320054 
170.0 0.0031661547254770994  0.003549023997038603 
171.0 0.0031685843132436275  0.0035347063094377518 
172.0 0.0031982138752937317  0.0035301067400723696 
173.0 0.003238586476072669  0.0035176957026124 
174.0 0.0031254179775714874  0.0035004946403205395 
175.0 0.003244670806452632  0.003495841519907117 
176.0 0.003141587134450674  0.003477703547105193 
177.0 0.003063715761527419  0.0034650664310902357 
178.0 0.0031246456783264875  0.0034623178653419018 
179.0 0.0031145752873271704  0.0034472860861569643 
180.0 0.003087373450398445  0.0034282628912478685 
181.0 0.003057677298784256  0.0034255851060152054 
182.0 0.003426100593060255  0.003424889175221324 
183.0 0.00324401818215847  0.003405987750738859 
184.0 0.003443194320425391  0.003394526429474354 
185.0 0.0031109112314879894  0.003387315198779106 
186.0 0.003386504016816616  0.0033778497017920017 
187.0 0.003445817856118083  0.0033638556487858295 
188.0 0.0033571352250874043  0.003354832762852311 
189.0 0.0034227787982672453  0.0033373581245541573 
190.0 0.0032782885245978832  0.0033385849092155695 
191.0 0.0032085715793073177  0.0033120959997177124 
192.0 0.0032023857347667217  0.0033140031155198812 
193.0 0.003263181773945689  0.0033033881336450577 
194.0 0.003123648464679718  0.003273442154750228 
195.0 0.0032104114070534706  0.003288900014013052 
196.0 0.003259694669395685  0.003276184666901827 
197.0 0.0031823229510337114  0.0032576508820056915 
198.0 0.0032396502792835236  0.0032578089740127325 
199.0 0.003060931572690606  0.0032241952139884233 
