0.0 0.07192710787057877  0.10381317138671875 
1.0 0.04892504960298538  0.05610405653715134 
2.0 0.03318939357995987  0.03813167288899422 
3.0 0.026401236653327942  0.028376327827572823 
4.0 0.02705439366400242  0.024632122367620468 
5.0 0.026551557704806328  0.02189801260828972 
6.0 0.022713791579008102  0.0205073282122612 
7.0 0.02775685489177704  0.019274817779660225 
8.0 0.022878792136907578  0.01811143569648266 
9.0 0.02185661718249321  0.017172252759337425 
10.0 0.015903456136584282  0.01642472855746746 
11.0 0.022687871009111404  0.01587837003171444 
12.0 0.018332647159695625  0.015237229876220226 
13.0 0.017769616097211838  0.014378426596522331 
14.0 0.01546817272901535  0.014136585406959057 
15.0 0.016513299196958542  0.013570161536335945 
16.0 0.020531252026557922  0.013094361871480942 
17.0 0.014999603852629662  0.012907860800623894 
18.0 0.015589402057230473  0.012420260347425938 
19.0 0.01527909841388464  0.01221443247050047 
20.0 0.017925472930073738  0.011936753056943417 
21.0 0.018834492191672325  0.011634359136223793 
22.0 0.013851214200258255  0.011463725008070469 
23.0 0.01876213401556015  0.011153120547533035 
24.0 0.013165222480893135  0.011060860939323902 
25.0 0.011863077990710735  0.010634347796440125 
26.0 0.011877831071615219  0.01057094894349575 
27.0 0.015337704680860043  0.010329380631446838 
28.0 0.011124267242848873  0.010330747812986374 
29.0 0.011030309833586216  0.009930039756000042 
30.0 0.011239319108426571  0.00987996906042099 
31.0 0.012461702339351177  0.009730068035423756 
32.0 0.011976566165685654  0.009521959349513054 
33.0 0.012355484068393707  0.009522374719381332 
34.0 0.010466048493981361  0.009252653457224369 
35.0 0.011254250071942806  0.009354726411402225 
36.0 0.010462203994393349  0.009042969904839993 
37.0 0.009727858938276768  0.008845730684697628 
38.0 0.009095431305468082  0.008804623037576675 
39.0 0.010085372254252434  0.008623089641332626 
40.0 0.009131647646427155  0.00874425657093525 
41.0 0.00924864411354065  0.008540350943803787 
42.0 0.00938776321709156  0.008369076997041702 
43.0 0.009034194983541965  0.008399269543588161 
44.0 0.008321850560605526  0.00822023767977953 
45.0 0.008473334833979607  0.008082285523414612 
46.0 0.008457654155790806  0.007989676669239998 
47.0 0.008482255972921848  0.008084302768111229 
48.0 0.007403470575809479  0.007922939024865627 
49.0 0.008926540613174438  0.007852770388126373 
50.0 0.00836049672216177  0.007765269372612238 
51.0 0.007874295115470886  0.007674902677536011 
52.0 0.008781708776950836  0.0075710914097726345 
53.0 0.008185298182070255  0.0075660571455955505 
54.0 0.006784341298043728  0.007455292157828808 
55.0 0.0073847281746566296  0.00737551087513566 
56.0 0.0068245274014770985  0.007383353542536497 
57.0 0.006723441183567047  0.00717196287587285 
58.0 0.007330062799155712  0.007159295026212931 
59.0 0.006853098981082439  0.007130124606192112 
60.0 0.006787164136767387  0.0070244325324893 
61.0 0.00685413833707571  0.0069415573962032795 
62.0 0.006369171664118767  0.006887814030051231 
63.0 0.008661619387567043  0.006896480917930603 
64.0 0.007381776813417673  0.0068116760812699795 
65.0 0.006269928999245167  0.006689659785479307 
66.0 0.006665457971394062  0.006625699810683727 
67.0 0.006603173911571503  0.006542182993143797 
68.0 0.0060106306336820126  0.006520973052829504 
69.0 0.007021239027380943  0.00645861029624939 
70.0 0.006787071470171213  0.006376348435878754 
71.0 0.006025158334523439  0.0064127943478524685 
72.0 0.0056787109933793545  0.006273470353335142 
73.0 0.006384409032762051  0.00622623972594738 
74.0 0.00604969309642911  0.0061615039594471455 
75.0 0.006528310943394899  0.006054832134395838 
76.0 0.006106938701122999  0.006079692859202623 
77.0 0.005595022346824408  0.005980873480439186 
78.0 0.006710727233439684  0.005871305242180824 
79.0 0.006080628838390112  0.0058435737155377865 
80.0 0.006538239307701588  0.00577037176117301 
81.0 0.006208599079400301  0.00575387803837657 
82.0 0.0072555565275251865  0.005631056614220142 
83.0 0.005754209589213133  0.005655818153172731 
84.0 0.0057197455316782  0.005642154719680548 
85.0 0.0055281249806284904  0.0055058421567082405 
86.0 0.0064687118865549564  0.0054899235256016254 
87.0 0.005302229430526495  0.005394897423684597 
88.0 0.005920791532844305  0.005449265241622925 
89.0 0.005692776292562485  0.005371986422687769 
90.0 0.005447915755212307  0.005322463344782591 
91.0 0.005335469264537096  0.005296456161886454 
92.0 0.005446256138384342  0.0052022915333509445 
93.0 0.005012473091483116  0.005143765360116959 
94.0 0.006034070160239935  0.0050771222449839115 
95.0 0.006476942449808121  0.005136923398822546 
96.0 0.004837244749069214  0.0050034294836223125 
97.0 0.004897559992969036  0.004998892545700073 
98.0 0.005527050234377384  0.004925353452563286 
99.0 0.004863831214606762  0.004866162780672312 
100.0 0.005943992640823126  0.004842926282435656 
101.0 0.006230143830180168  0.0047126947902143 
102.0 0.0052301459945738316  0.004728696774691343 
103.0 0.004641543608158827  0.0047479965724051 
104.0 0.004634239245206118  0.0046295225620269775 
105.0 0.004507109522819519  0.004648944828659296 
106.0 0.004337015096098185  0.004584319423884153 
107.0 0.004408472683280706  0.004577065818011761 
108.0 0.0044848923571407795  0.004477871116250753 
109.0 0.0047914800234138966  0.004461605101823807 
110.0 0.004615678917616606  0.0044440473429858685 
111.0 0.005078050773590803  0.004422228783369064 
112.0 0.00425625778734684  0.004285476636141539 
113.0 0.0048385681584477425  0.004306422546505928 
114.0 0.0042360695078969  0.0042425235733389854 
115.0 0.004078597296029329  0.004202918149530888 
116.0 0.004991009831428528  0.004163605161011219 
117.0 0.0048654936254024506  0.004192929714918137 
118.0 0.003791996743530035  0.004127314779907465 
119.0 0.0037130487617105246  0.0040605622343719006 
120.0 0.004215539433062077  0.004070887807756662 
121.0 0.003778181504458189  0.004067390691488981 
122.0 0.00445832684636116  0.003942893352359533 
123.0 0.003926982171833515  0.003938476089388132 
124.0 0.0038210584316402674  0.0039027687162160873 
125.0 0.003739736508578062  0.0038487794809043407 
126.0 0.004084302112460136  0.003864872734993696 
127.0 0.004102166276425123  0.0038298671133816242 
128.0 0.003841358469799161  0.003804607316851616 
129.0 0.0037196148186922073  0.003718136576935649 
130.0 0.003442024579271674  0.0037543706130236387 
131.0 0.0038729493971914053  0.0037214383482933044 
132.0 0.003988924436271191  0.0037373281084001064 
133.0 0.003292980371043086  0.0036648649256676435 
134.0 0.003636184148490429  0.0036444715224206448 
135.0 0.00362457730807364  0.0036367226857692003 
136.0 0.003439599648118019  0.003642094088718295 
137.0 0.003613753244280815  0.003592526772990823 
138.0 0.0035015742760151625  0.0035326022189110518 
139.0 0.003524203086271882  0.003514823503792286 
140.0 0.0036216324660927057  0.00355986668728292 
141.0 0.004573391284793615  0.0035029209684580564 
142.0 0.0031471275724470615  0.0035085994750261307 
143.0 0.004046260379254818  0.003453032113611698 
144.0 0.0038281437009572983  0.003455950180068612 
145.0 0.004127803724259138  0.0034372983500361443 
146.0 0.003428335767239332  0.003377166111022234 
147.0 0.003829864552244544  0.0034068881068378687 
148.0 0.003359442576766014  0.003370676189661026 
149.0 0.004930239170789719  0.0033728531561791897 
150.0 0.003791249357163906  0.003320245072245598 
151.0 0.003231682348996401  0.003329157130792737 
152.0 0.0029823975637555122  0.0032573696225881577 
153.0 0.003384785261005163  0.003283805912360549 
154.0 0.0032817483879625797  0.003265405772253871 
155.0 0.0028982453513890505  0.003246620064601302 
156.0 0.003418293548747897  0.0032554378267377615 
157.0 0.0029823589138686657  0.0032373543363064528 
158.0 0.0038632273208349943  0.003233223222196102 
159.0 0.003329326631501317  0.0031579220667481422 
160.0 0.003613165346905589  0.0031899281311780214 
161.0 0.004064786713570356  0.00315554509870708 
162.0 0.003207820700481534  0.0031746928580105305 
163.0 0.003104789648205042  0.0031397079583257437 
164.0 0.00318879634141922  0.003150896169245243 
165.0 0.003254914889112115  0.0030738417990505695 
166.0 0.002934202319011092  0.003096843371167779 
167.0 0.0033518949057906866  0.003072768449783325 
168.0 0.0036621945910155773  0.003054904518648982 
169.0 0.003203517757356167  0.003059299662709236 
170.0 0.0031244538258761168  0.0030434713698923588 
171.0 0.0035481711383908987  0.0030448304023593664 
172.0 0.0030754480976611376  0.0030197431333363056 
173.0 0.0030960170552134514  0.003025706857442856 
174.0 0.003011340508237481  0.0029911953024566174 
175.0 0.003108671633526683  0.00298432563431561 
