0.0 0.045706719160079956  0.12559710443019867 
1.0 0.03405497223138809  0.03724271431565285 
2.0 0.024610046297311783  0.02645590901374817 
3.0 0.020736996084451675  0.020525740459561348 
4.0 0.019520336762070656  0.017782656475901604 
5.0 0.01805328018963337  0.016396507620811462 
6.0 0.01646982505917549  0.015345838852226734 
7.0 0.01548774354159832  0.014392984099686146 
8.0 0.014752871356904507  0.013543464243412018 
9.0 0.01343255490064621  0.012873921543359756 
10.0 0.013564431108534336  0.012316416017711163 
11.0 0.012140143662691116  0.011821657419204712 
12.0 0.012040426954627037  0.01137813925743103 
13.0 0.011315821669995785  0.01097515132278204 
14.0 0.011180511675775051  0.010602448135614395 
15.0 0.012403123080730438  0.010329336859285831 
16.0 0.010844375938177109  0.010021818801760674 
17.0 0.011155649088323116  0.009709342382848263 
18.0 0.010214273817837238  0.009508242830634117 
19.0 0.013460706919431686  0.009237837046384811 
20.0 0.009246337227523327  0.008982625789940357 
21.0 0.008697284385561943  0.008722472004592419 
22.0 0.010317324660718441  0.008541276678442955 
23.0 0.009802241809666157  0.008373905904591084 
24.0 0.01070819329470396  0.008169909939169884 
25.0 0.007984229363501072  0.008095289580523968 
26.0 0.008796525187790394  0.007902097888290882 
27.0 0.008071918040513992  0.007751026656478643 
28.0 0.007644259370863438  0.007605432998389006 
29.0 0.0145222507417202  0.0075417025946080685 
30.0 0.007883924059569836  0.007731268648058176 
31.0 0.01443891879171133  0.0075089898891747 
32.0 0.007425248157233  0.007499079219996929 
33.0 0.008055238984525204  0.0069672539830207825 
34.0 0.007940595038235188  0.006808429956436157 
35.0 0.006828106939792633  0.006569127552211285 
36.0 0.006444601342082024  0.0063919746316969395 
37.0 0.0060507203452289104  0.00627254880964756 
38.0 0.007604268845170736  0.0062042116187512875 
39.0 0.007224339060485363  0.005929893814027309 
40.0 0.006523647345602512  0.005924497731029987 
41.0 0.005809933878481388  0.005932342726737261 
42.0 0.0056829508394002914  0.0058906725607812405 
43.0 0.006933476775884628  0.0060913111083209515 
44.0 0.007117243018001318  0.006257618311792612 
45.0 0.007001522928476334  0.005942724645137787 
46.0 0.005570213310420513  0.005565048661082983 
47.0 0.004954713862389326  0.005513993091881275 
48.0 0.008204054087400436  0.005363085772842169 
49.0 0.004414245951920748  0.0056260921992361546 
50.0 0.0054043917916715145  0.005363220348954201 
51.0 0.005135818850249052  0.0050743394531309605 
52.0 0.006765412166714668  0.006071014329791069 
53.0 0.00651449104771018  0.005961792543530464 
54.0 0.005680855829268694  0.005723478738218546 
55.0 0.007347815204411745  0.0051883007399737835 
56.0 0.00476615596562624  0.005055215209722519 
57.0 0.005727188196033239  0.004878179635852575 
58.0 0.00570058124139905  0.004826087970286608 
59.0 0.0044387769885361195  0.0047280509024858475 
60.0 0.004872376099228859  0.0060920813120901585 
61.0 0.006559703964740038  0.005717725493013859 
62.0 0.005795361939817667  0.005322038196027279 
63.0 0.004732535686343908  0.0050721485167741776 
64.0 0.005422307178378105  0.004862044472247362 
65.0 0.00784713588654995  0.0047469306737184525 
66.0 0.004507719073444605  0.004708408378064632 
67.0 0.0041372403502464294  0.004511822480708361 
68.0 0.00455655949190259  0.004543336573988199 
69.0 0.004292958416044712  0.004374742042273283 
70.0 0.004153710789978504  0.004483712837100029 
71.0 0.004701650235801935  0.0042333900928497314 
72.0 0.004686153028160334  0.004218152724206448 
73.0 0.004679676610976458  0.004120558500289917 
74.0 0.005222969688475132  0.004542779177427292 
75.0 0.004731905180960894  0.004316834267228842 
76.0 0.011339892633259296  0.004185742698609829 
77.0 0.0060119046829640865  0.004286583513021469 
78.0 0.005079375579953194  0.0048854113556444645 
79.0 0.007206043228507042  0.004252927377820015 
80.0 0.00444419588893652  0.004312966484576464 
81.0 0.006705792620778084  0.004066570661962032 
82.0 0.00503021664917469  0.00423967931419611 
83.0 0.0024635002482682467  0.00408340897411108 
84.0 0.0051753637380898  0.004385415930300951 
85.0 0.007382430136203766  0.004082190338522196 
86.0 0.008019134402275085  0.003979325294494629 
87.0 0.004703902639448643  0.003944675903767347 
88.0 0.005351767875254154  0.003818746656179428 
89.0 0.0035145229194313288  0.004014857579022646 
90.0 0.004085926339030266  0.004078684840351343 
91.0 0.004203230608254671  0.0038929248694330454 
92.0 0.004922827705740929  0.004138990305364132 
93.0 0.004070821683853865  0.0038829511031508446 
94.0 0.009195775724947453  0.00402037613093853 
95.0 0.005235253367573023  0.003910650033503771 
96.0 0.010392890311777592  0.004803693387657404 
97.0 0.004008699208498001  0.004341139458119869 
98.0 0.008368381299078465  0.0039884489960968494 
99.0 0.004846121650189161  0.0038255101535469294 
100.0 0.0033092317171394825  0.003978397231549025 
101.0 0.005114042200148106  0.0033608037047088146 
102.0 0.005073257256299257  0.0034759531263262033 
103.0 0.004938750062137842  0.003473244607448578 
