0.0 0.011997994035482407  0.04982881620526314 
1.0 0.00844089686870575  0.007985472679138184 
2.0 0.004433947149664164  0.0050062877126038074 
3.0 0.004019089974462986  0.0037794969975948334 
4.0 0.0033804706763476133  0.0030515745747834444 
5.0 0.003608127823099494  0.0025964684318751097 
6.0 0.0023054089397192  0.002254727529361844 
7.0 0.0018530096858739853  0.00198991596698761 
8.0 0.0016870221588760614  0.0017785844393074512 
9.0 0.001338499248959124  0.001623565680347383 
10.0 0.0013125342084094882  0.00150399305857718 
11.0 0.0012886192416772246  0.0013942088698968291 
12.0 0.0011097268434241414  0.0013188952580094337 
13.0 0.0011093586217612028  0.001235435949638486 
14.0 0.0011003727559000254  0.0011870767921209335 
15.0 0.0010853627463802695  0.00111297273542732 
16.0 0.0009732338949106634  0.001071798731572926 
17.0 0.0009970145765691996  0.0010367486393079162 
18.0 0.00116110616363585  0.0010058542247861624 
19.0 0.0011468594893813133  0.0009619976044632494 
20.0 0.0011238318402320147  0.0009177816100418568 
21.0 0.0010370721574872732  0.0008856045897118747 
22.0 0.0010283994488418102  0.0008585428004153073 
23.0 0.0009715275373309851  0.000804719515144825 
24.0 0.0010353086981922388  0.0007869814289733768 
25.0 0.0009486781782470644  0.000774585350882262 
26.0 0.0009911369998008013  0.0007353724795393646 
27.0 0.0009966437937691808  0.0007232686039060354 
28.0 0.0011404387187212706  0.0007061446667648852 
29.0 0.0010413930285722017  0.0006825737073086202 
30.0 0.0012293430045247078  0.0006760506075806916 
31.0 0.0014980968553572893  0.0006458240677602589 
32.0 0.0013725851895287633  0.0006307729054242373 
33.0 0.0013982842210680246  0.0006200021598488092 
34.0 0.0011877986835315824  0.0006008196505717933 
35.0 0.0010761459125205874  0.0005882795085199177 
36.0 0.0010747561464086175  0.000574811827391386 
37.0 0.0008180246222764254  0.0005546434549614787 
38.0 0.0009284525876864791  0.0005592418019659817 
39.0 0.0010541201336309314  0.0005341860232874751 
40.0 0.0009395349188707769  0.0005281170015223324 
41.0 0.0009389500482939184  0.0005245469510555267 
42.0 0.0008766095852479339  0.0005224942578934133 
43.0 0.0008763794903643429  0.0005125354509800673 
44.0 0.0008042434346862137  0.0005017955554649234 
45.0 0.000769304926507175  0.0004961800295859575 
46.0 0.0007822312763892114  0.0004878456238657236 
47.0 0.000757203612010926  0.00046843249583616853 
48.0 0.0007783916080370545  0.0004619946703314781 
49.0 0.0007588982698507607  0.00046174306771717966 
50.0 0.0007941654184833169  0.0004476107133086771 
51.0 0.0006537553854286671  0.000443090422777459 
52.0 0.000664934457745403  0.0004403447965160012 
53.0 0.0007413493003696203  0.0004380923346616328 
54.0 0.0007022854988463223  0.00043117289897054434 
55.0 0.0006743509438820183  0.0004221601993776858 
56.0 0.0005779037601314485  0.00042054487857967615 
57.0 0.0006759212701581419  0.00041586859151721 
58.0 0.0006554558058269322  0.00041255398537032306 
59.0 0.0006221596850082278  0.0004059725906699896 
60.0 0.0005427523865364492  0.0003999389009550214 
61.0 0.0006586330709978938  0.0004007777606602758 
62.0 0.000617684330791235  0.0003915351699106395 
63.0 0.0005701504996977746  0.0003951588296331465 
64.0 0.0005338963819667697  0.000390741421142593 
65.0 0.000561427790671587  0.00038440851494669914 
66.0 0.0005943485302850604  0.0003719172964338213 
67.0 0.0005455889040604234  0.0003698158834595233 
68.0 0.0006057716673240066  0.00036783242831006646 
69.0 0.0005612795939669013  0.0003617391630541533 
70.0 0.000534782069735229  0.00035987503360956907 
71.0 0.0005534571246244013  0.0003541750484146178 
72.0 0.0004949103458784521  0.00034889025846496224 
73.0 0.0005121811991557479  0.00034906569635495543 
74.0 0.0004811707476619631  0.00034593979944474995 
75.0 0.0005165677866898477  0.00034790346398949623 
76.0 0.0005412689060904086  0.0003421800211071968 
77.0 0.0005762090440839529  0.0003391426580492407 
78.0 0.0005238358280621469  0.0003353734209667891 
79.0 0.0005627232603728771  0.00033513965900056064 
80.0 0.0006026554037816823  0.00033214702853001654 
81.0 0.000422769138822332  0.00032244253088720143 
82.0 0.0004379673337098211  0.0003250573354307562 
83.0 0.0005711082485504448  0.00032891161390580237 
84.0 0.0005621546879410744  0.0003233114839531481 
85.0 0.0005163750029169023  0.0003172810247633606 
86.0 0.0006010617944411933  0.00032279701554216444 
87.0 0.0004066742258146405  0.0003080156457144767 
88.0 0.0005525887827388942  0.0003266032144892961 
89.0 0.0004880590131506324  0.0003103497438132763 
90.0 0.00041380932088941336  0.00030395438079722226 
91.0 0.0004599159292411059  0.0003107812372036278 
92.0 0.000487835262902081  0.0003054826520383358 
93.0 0.0005780212231911719  0.0003126456867903471 
94.0 0.0005793815362267196  0.00030722146038897336 
95.0 0.00041753746336326003  0.00029774385620839894 
96.0 0.0004854589351452887  0.0003041402087546885 
97.0 0.0004193051718175411  0.00029479709337465465 
98.0 0.0005247301887720823  0.00029909462318755686 
99.0 0.0005184554611332715  0.0002941826533060521 
100.0 0.0005299174226820469  0.0002935113734565675 
101.0 0.0005082241841591895  0.0002905338187702 
102.0 0.0004350336967036128  0.0002855930069927126 
103.0 0.0004361807950772345  0.00028572321753017604 
104.0 0.0004999302327632904  0.00028635634225793183 
105.0 0.0004560447996482253  0.0002853959449566901 
106.0 0.0004834892170038074  0.0002817606145981699 
107.0 0.00043009582441300154  0.000281598768197 
