0.0 0.06937658041715622  0.10201231390237808 
1.0 0.04326580464839935  0.050247058272361755 
2.0 0.029502013698220253  0.03522607684135437 
3.0 0.02386772632598877  0.02769182249903679 
4.0 0.020767182111740112  0.023657359182834625 
5.0 0.020168200135231018  0.02119557186961174 
6.0 0.016310811042785645  0.019553354009985924 
7.0 0.020580971613526344  0.018112633377313614 
8.0 0.016197826713323593  0.016743306070566177 
9.0 0.014937806874513626  0.015895795077085495 
10.0 0.015996674075722694  0.015069031156599522 
11.0 0.02086513116955757  0.014613707549870014 
12.0 0.018128937110304832  0.014015824533998966 
13.0 0.023649053648114204  0.01344197615981102 
14.0 0.01547475066035986  0.012948370538651943 
15.0 0.012516711838543415  0.012882394716143608 
16.0 0.01329714059829712  0.012393626384437084 
17.0 0.021039191633462906  0.011856581084430218 
18.0 0.010695396922528744  0.01166157703846693 
19.0 0.01691511645913124  0.011285298503935337 
20.0 0.013265123590826988  0.01112736202776432 
21.0 0.010820143856108189  0.010926049202680588 
22.0 0.00959725771099329  0.010650171898305416 
23.0 0.010921933688223362  0.01037115789949894 
24.0 0.009316513314843178  0.010243982076644897 
25.0 0.010103781707584858  0.010098149068653584 
26.0 0.009707399643957615  0.009809366427361965 
27.0 0.010021108202636242  0.009763495996594429 
28.0 0.010296754539012909  0.009692884981632233 
29.0 0.009249720722436905  0.009483808651566505 
30.0 0.011175936087965965  0.009364795871078968 
31.0 0.011615131981670856  0.009085306897759438 
32.0 0.011372766457498074  0.009063051082193851 
33.0 0.01207223255187273  0.00899441633373499 
34.0 0.008534771390259266  0.008820404298603535 
35.0 0.01193307340145111  0.008646050468087196 
36.0 0.010263915173709393  0.00864157173782587 
37.0 0.011701324954628944  0.008403594605624676 
38.0 0.011544845066964626  0.00834980234503746 
39.0 0.007517791818827391  0.008326701819896698 
40.0 0.009310511872172356  0.00808161124587059 
41.0 0.009315536357462406  0.00804877933114767 
42.0 0.0093882130458951  0.007894695736467838 
43.0 0.010009159334003925  0.00802817102521658 
44.0 0.011741080321371555  0.00780929159373045 
45.0 0.008355410769581795  0.007646598853170872 
46.0 0.012906285934150219  0.007779440842568874 
47.0 0.007723875343799591  0.007531617768108845 
48.0 0.00917250569909811  0.007482832297682762 
49.0 0.011274274438619614  0.007471341639757156 
50.0 0.008465887978672981  0.007407505530864 
51.0 0.009068410843610764  0.007401618640869856 
52.0 0.006913182325661182  0.007157583720982075 
53.0 0.008015124127268791  0.007151295896619558 
54.0 0.007277630269527435  0.00707073463127017 
55.0 0.007114658132195473  0.007059585303068161 
56.0 0.008553343825042248  0.007101867813616991 
57.0 0.012874895706772804  0.0069100502878427505 
58.0 0.011402400210499763  0.006743728648871183 
59.0 0.01162759494036436  0.006883859634399414 
60.0 0.010026058182120323  0.006785510573536158 
61.0 0.008108479902148247  0.006573808379471302 
62.0 0.008568324148654938  0.0065193031914532185 
63.0 0.0075039989314973354  0.006604956928640604 
64.0 0.007814179174602032  0.0063847084529697895 
65.0 0.0064169433899223804  0.006467883475124836 
66.0 0.00711467768996954  0.006297378335148096 
67.0 0.007897129282355309  0.006297567393630743 
68.0 0.00789562240242958  0.006370191462337971 
69.0 0.007694694679230452  0.006186510901898146 
70.0 0.006462582852691412  0.006262143142521381 
71.0 0.006549615878611803  0.006084592547267675 
72.0 0.006841014605015516  0.0060213301330804825 
73.0 0.0089486138895154  0.006020073313266039 
74.0 0.010257399640977383  0.006012279074639082 
75.0 0.005602439399808645  0.005791252013295889 
76.0 0.006555646192282438  0.005835012067109346 
77.0 0.005673368461430073  0.00568055734038353 
78.0 0.00607296172529459  0.0056772660464048386 
79.0 0.007841109298169613  0.005638728383928537 
80.0 0.009777558967471123  0.005573667120188475 
81.0 0.008497470989823341  0.005499739199876785 
82.0 0.00858279038220644  0.005454483442008495 
83.0 0.006339261773973703  0.005424593575298786 
84.0 0.005727140232920647  0.005387977696955204 
85.0 0.005995776038616896  0.00537329725921154 
86.0 0.00617718743160367  0.005149714648723602 
87.0 0.0066925156861543655  0.005163807421922684 
88.0 0.007664131000638008  0.005137077532708645 
89.0 0.005385410040616989  0.00517357187345624 
90.0 0.0060846335254609585  0.0050521185621619225 
91.0 0.009705129079520702  0.00495990039780736 
92.0 0.005124683491885662  0.004904631525278091 
93.0 0.005825128871947527  0.0048128399066627026 
94.0 0.008003917522728443  0.004816354718059301 
95.0 0.0072116791270673275  0.00464101554825902 
96.0 0.006155073642730713  0.004650828894227743 
97.0 0.005942115560173988  0.004556219093501568 
98.0 0.006697184406220913  0.004549172706902027 
99.0 0.00708402693271637  0.004499726463109255 
100.0 0.006770625710487366  0.00438575679436326 
101.0 0.00601477874442935  0.004414598923176527 
102.0 0.006612490396946669  0.004381360951811075 
103.0 0.006493167020380497  0.004314165562391281 
104.0 0.007303856313228607  0.0042690252885222435 
105.0 0.006278438027948141  0.0042260573245584965 
106.0 0.005059668328613043  0.0041513810865581036 
107.0 0.004819459281861782  0.004171933513134718 
108.0 0.005943838506937027  0.00413103960454464 
109.0 0.005060727242380381  0.00403554504737258 
110.0 0.004879037383943796  0.0041039325296878815 
111.0 0.004691635724157095  0.003985137678682804 
112.0 0.006387640256434679  0.003952098544687033 
113.0 0.005632390268146992  0.003949315752834082 
114.0 0.005404580384492874  0.003932344727218151 
115.0 0.004517517518252134  0.003868855070322752 
116.0 0.008302640169858932  0.003875082591548562 
117.0 0.004914667923003435  0.003857128322124481 
118.0 0.00462617352604866  0.003796342294663191 
119.0 0.0049867089837789536  0.003824287559837103 
120.0 0.005851241294294596  0.003777912352234125 
121.0 0.004793680272996426  0.0037340056151151657 
122.0 0.00464924331754446  0.0037283310666680336 
123.0 0.005493109580129385  0.0036400172393769026 
124.0 0.00753076933324337  0.0037256625946611166 
125.0 0.0042541371658444405  0.0036836375948041677 
126.0 0.004473669920116663  0.003658720524981618 
127.0 0.007358585949987173  0.0036062069702893496 
128.0 0.005859051831066608  0.0036140636075288057 
129.0 0.004755785223096609  0.0035628967452794313 
130.0 0.006660029757767916  0.0035349528770893812 
131.0 0.004360596649348736  0.0035594385117292404 
132.0 0.004677178803831339  0.0035339370369911194 
133.0 0.0038541792891919613  0.00349334510974586 
134.0 0.005335260182619095  0.0035067214630544186 
135.0 0.005127111449837685  0.003483602311462164 
136.0 0.0045023574493825436  0.003451984841376543 
137.0 0.004339555278420448  0.003444244619458914 
138.0 0.006446151062846184  0.003364845411852002 
139.0 0.0051337797194719315  0.003439484164118767 
140.0 0.004570457153022289  0.00345835299231112 
141.0 0.006507193669676781  0.003292383626103401 
142.0 0.007526550907641649  0.003381860675290227 
143.0 0.004459028597921133  0.0033008905593305826 
144.0 0.005984988994896412  0.003344910452142358 
145.0 0.0053449710831046104  0.003301524557173252 
146.0 0.0049296035431325436  0.003302756929770112 
147.0 0.004983136430382729  0.0032332558184862137 
148.0 0.006264504510909319  0.0032769315876066685 
149.0 0.007687349338084459  0.003218780504539609 
150.0 0.005337130278348923  0.003236283315345645 
151.0 0.00700707221403718  0.0032200110144913197 
152.0 0.005638346076011658  0.003224108600988984 
153.0 0.004696904215961695  0.003160063875839114 
