0.0 0.07565748691558838  0.13727261126041412 
1.0 0.04639393091201782  0.05464121326804161 
2.0 0.03753403201699257  0.039595622569322586 
3.0 0.03206891939043999  0.031082728877663612 
4.0 0.027202559635043144  0.026253368705511093 
5.0 0.024262553080916405  0.023492835462093353 
6.0 0.022893991321325302  0.021767249330878258 
7.0 0.02258850261569023  0.02055029384791851 
8.0 0.023624669760465622  0.019567061215639114 
9.0 0.02362888492643833  0.018777059391140938 
10.0 0.0236149113625288  0.018067287281155586 
11.0 0.02253325656056404  0.017428971827030182 
12.0 0.01930668205022812  0.016892442479729652 
13.0 0.018751198425889015  0.01640547811985016 
14.0 0.018104951828718185  0.01599075086414814 
15.0 0.01747494749724865  0.015611433424055576 
16.0 0.016505509614944458  0.015251854434609413 
17.0 0.0157857034355402  0.014932786114513874 
18.0 0.015804775059223175  0.01464143581688404 
19.0 0.01537634152919054  0.01437409222126007 
20.0 0.015516772866249084  0.014123723842203617 
21.0 0.015172889456152916  0.013895910233259201 
22.0 0.015232855454087257  0.01366772036999464 
23.0 0.014695421792566776  0.013449693098664284 
24.0 0.014407348819077015  0.013234993442893028 
25.0 0.014296360313892365  0.013033957220613956 
26.0 0.014224623329937458  0.012811403721570969 
27.0 0.013958865776658058  0.012496814131736755 
28.0 0.014448748901486397  0.012146738357841969 
29.0 0.012934699654579163  0.011486421339213848 
30.0 0.011895542033016682  0.01050412654876709 
31.0 0.011563945561647415  0.009675001725554466 
32.0 0.011985400691628456  0.008985176682472229 
33.0 0.010741409845650196  0.00847022794187069 
34.0 0.012294287793338299  0.008096002973616123 
35.0 0.010167333297431469  0.007828578352928162 
36.0 0.010701269842684269  0.007613530382514 
37.0 0.00927385501563549  0.007424632553011179 
38.0 0.00904789287596941  0.007286949083209038 
39.0 0.00857433583587408  0.0071486663073301315 
40.0 0.008600065484642982  0.007011276204138994 
41.0 0.008700373582541943  0.006923736538738012 
42.0 0.00885919388383627  0.006809573620557785 
43.0 0.009033923968672752  0.006722906604409218 
44.0 0.00917133130133152  0.006634871009737253 
45.0 0.009163050912320614  0.006553779821842909 
46.0 0.008942613378167152  0.006487229838967323 
47.0 0.009894718416035175  0.006401942111551762 
48.0 0.00970547366887331  0.006316625513136387 
49.0 0.009318138472735882  0.006269268225878477 
50.0 0.008862440474331379  0.006196880713105202 
51.0 0.008470415137708187  0.0061153448186814785 
52.0 0.008580741472542286  0.006090021692216396 
53.0 0.007617719937115908  0.006063441280275583 
54.0 0.00776189798489213  0.005891677923500538 
55.0 0.007667848840355873  0.005843950901180506 
56.0 0.00712864613160491  0.00580658670514822 
57.0 0.007133727893233299  0.005741288419812918 
58.0 0.0075844042003154755  0.005715408828109503 
59.0 0.007422338239848614  0.005645630415529013 
60.0 0.007919746451079845  0.005660626571625471 
61.0 0.0090542146936059  0.005548494402319193 
62.0 0.009879793971776962  0.005523149389773607 
63.0 0.009402981959283352  0.005492265801876783 
64.0 0.009186490438878536  0.005456020589917898 
65.0 0.008118500001728535  0.005426556803286076 
66.0 0.00818187091499567  0.005381234921514988 
67.0 0.007007742300629616  0.005335594527423382 
68.0 0.007356698624789715  0.005301645025610924 
69.0 0.006396051961928606  0.005292301066219807 
70.0 0.007079398259520531  0.0052285464480519295 
71.0 0.00749061768874526  0.005221272353082895 
72.0 0.0077187479473650455  0.005179953295737505 
73.0 0.006473878398537636  0.0051394677720963955 
74.0 0.007074568886309862  0.005119095090776682 
75.0 0.006918301340192556  0.005085510667413473 
76.0 0.006736289244145155  0.005052731838077307 
77.0 0.006784733384847641  0.00502673489972949 
78.0 0.007435966748744249  0.005009122658520937 
79.0 0.00616283155977726  0.004962249659001827 
80.0 0.007219499442726374  0.004957886878401041 
81.0 0.00748201459646225  0.004931346978992224 
82.0 0.006801998242735863  0.004902683198451996 
83.0 0.006756907794624567  0.004891410935670137 
84.0 0.0067027597688138485  0.00485552754253149 
85.0 0.006907924544066191  0.004837755113840103 
86.0 0.007385532837361097  0.004814043175429106 
87.0 0.0071928370743989944  0.004795746877789497 
88.0 0.007109674159437418  0.0047588050365448 
89.0 0.006343262270092964  0.004728777799755335 
90.0 0.006881233770400286  0.0046787806786596775 
91.0 0.006826720200479031  0.0046618361957371235 
92.0 0.006886899936944246  0.0046441867016255856 
93.0 0.0065543148666620255  0.004607997834682465 
94.0 0.006109250709414482  0.004581091459840536 
95.0 0.0065093571320176125  0.004554378800094128 
96.0 0.006285279989242554  0.004544608760625124 
97.0 0.0054036639630794525  0.004511532373726368 
98.0 0.00592000363394618  0.004477908369153738 
99.0 0.006193810608237982  0.004473929759114981 
100.0 0.005619141273200512  0.004437807947397232 
101.0 0.004728347063064575  0.004438853356987238 
102.0 0.00536805996671319  0.00440951669588685 
103.0 0.005069679114967585  0.0043768808245658875 
104.0 0.005664174444973469  0.004347082693129778 
105.0 0.005670894868671894  0.004328817594796419 
106.0 0.005194761790335178  0.004308121278882027 
107.0 0.0049072811380028725  0.004276258405297995 
108.0 0.004640457220375538  0.004273056052625179 
109.0 0.004731973633170128  0.004235262982547283 
110.0 0.004768372979015112  0.004212254658341408 
111.0 0.004663610365241766  0.004200431052595377 
112.0 0.004974327981472015  0.004181399010121822 
113.0 0.005072291940450668  0.004156991373747587 
114.0 0.004746227990835905  0.0041397931054234505 
115.0 0.004560439381748438  0.004099875222891569 
116.0 0.004819437861442566  0.004100199323147535 
117.0 0.005202531348913908  0.004081654828041792 
118.0 0.004901530221104622  0.0040696244686841965 
119.0 0.00457735825330019  0.004037963226437569 
120.0 0.004678272642195225  0.004015006124973297 
121.0 0.004794657696038485  0.004001714754849672 
122.0 0.004930120427161455  0.003992093726992607 
123.0 0.004911972209811211  0.003971061669290066 
124.0 0.004974152892827988  0.0039566559717059135 
125.0 0.004889871459454298  0.003924727905541658 
126.0 0.004845199175179005  0.003911489620804787 
127.0 0.0048225377686321735  0.0038973866030573845 
128.0 0.0054949927143752575  0.0038810221012681723 
129.0 0.005150236655026674  0.003862260840833187 
130.0 0.004691251087933779  0.0038432918954640627 
131.0 0.00482175312936306  0.0038240733556449413 
132.0 0.005332984495908022  0.0038073514588177204 
133.0 0.005030853673815727  0.0037941313348710537 
134.0 0.005042658653110266  0.0037745125591754913 
135.0 0.004919224884361029  0.0037517237942665815 
