0.0 0.03327448293566704  0.07115055620670319 
1.0 0.015666872262954712  0.021163785830140114 
2.0 0.011495647020637989  0.01284910086542368 
3.0 0.01058560237288475  0.009277528151869774 
4.0 0.010606842115521431  0.0074456906877458096 
5.0 0.007472907658666372  0.006242256611585617 
6.0 0.007299800869077444  0.005299050360918045 
7.0 0.004850754514336586  0.0046483054757118225 
8.0 0.004195385612547398  0.00416461331769824 
9.0 0.004867068491876125  0.003821812104433775 
10.0 0.004801691975444555  0.0035273421090096235 
11.0 0.003961119335144758  0.003315763082355261 
12.0 0.0036712854634970427  0.003132945392280817 
13.0 0.0037118608597666025  0.0029679317958652973 
14.0 0.0034077304881066084  0.002843595342710614 
15.0 0.0031757126562297344  0.0027296883054077625 
16.0 0.003057352500036359  0.0026259508449584246 
17.0 0.003083612537011504  0.002532118931412697 
18.0 0.0029664344619959593  0.002443909179419279 
19.0 0.002971930895000696  0.002360789803788066 
20.0 0.0028057510498911142  0.002290586242452264 
21.0 0.002647776622325182  0.002219641814008355 
22.0 0.002552052726969123  0.002166877267882228 
23.0 0.0023014326579868793  0.0021097834687680006 
24.0 0.0021887782495468855  0.002055426826700568 
25.0 0.002136891009286046  0.001992942299693823 
26.0 0.0021153665147721767  0.001943634357303381 
27.0 0.002248946577310562  0.0018883452285081148 
28.0 0.0021319512743502855  0.001851608045399189 
29.0 0.0021158235613256693  0.001800085068680346 
30.0 0.002176560927182436  0.0017552684294059873 
31.0 0.0025974297896027565  0.0017219414003193378 
32.0 0.002607982372865081  0.001684682909399271 
33.0 0.0027544465847313404  0.0016457353485748172 
34.0 0.0029367972165346146  0.0016155513003468513 
35.0 0.0029358321335166693  0.0015877635451033711 
36.0 0.0029073285404592752  0.0015512589598074555 
37.0 0.0026710389647632837  0.0015294733457267284 
38.0 0.002632059622555971  0.0014988287584856153 
39.0 0.00230073812417686  0.001469004200771451 
40.0 0.0022433416452258825  0.0014517888193950057 
41.0 0.0019855033606290817  0.0014209883520379663 
42.0 0.0018633720465004444  0.0014031660975888371 
43.0 0.0018272740999236703  0.0013802989851683378 
44.0 0.0018806590232998133  0.0013584740227088332 
45.0 0.0017046204302459955  0.001341210794635117 
46.0 0.0015599274775013328  0.0013256336096674204 
47.0 0.001650776481255889  0.0013109635328873992 
48.0 0.0016542145749554038  0.0012929391814395785 
49.0 0.0015058983117341995  0.0012725532287731767 
50.0 0.0014925223076716065  0.0012623841175809503 
51.0 0.0015267932321876287  0.0012455068062990904 
52.0 0.0015334960771724582  0.0012371826451271772 
53.0 0.0013731486396864057  0.0012201968347653747 
54.0 0.001475258031859994  0.0012116696452721953 
55.0 0.0013936389004811645  0.0011972690699622035 
56.0 0.001356259104795754  0.0011928216554224491 
57.0 0.0013884010259062052  0.0011782817309722304 
58.0 0.0013588661095127463  0.0011715010041370988 
59.0 0.0013081096112728119  0.0011591799557209015 
60.0 0.0013514321763068438  0.001150566735304892 
61.0 0.0013110307045280933  0.001141645130701363 
62.0 0.0014152467483654618  0.0011368612758815289 
63.0 0.001289638108573854  0.0011249181115999818 
64.0 0.00131649908144027  0.0011182524031028152 
65.0 0.001370040699839592  0.0011120605049654841 
66.0 0.001490026363171637  0.0011074849171563983 
67.0 0.0013267840258777142  0.0010894563747569919 
68.0 0.0014075911603868008  0.001088581164367497 
69.0 0.0013659956166520715  0.0010774688562378287 
70.0 0.0011986291501671076  0.0010677415411919355 
71.0 0.0012183942599222064  0.001062427763827145 
72.0 0.0012232111766934395  0.001056379172950983 
73.0 0.001170849078334868  0.0010467831743881106 
74.0 0.00117998116184026  0.0010401029139757156 
75.0 0.00114130275323987  0.0010338540887460113 
76.0 0.0011359594063833356  0.001027827151119709 
77.0 0.0011352910660207272  0.0010187648003920913 
78.0 0.0011218080762773752  0.0010162267135456204 
79.0 0.0011312925489619374  0.0010084259556606412 
80.0 0.001149828196503222  0.001004782970994711 
81.0 0.0010849665850400925  0.000997862545773387 
82.0 0.0010806609643623233  0.0009919803123921156 
83.0 0.0010771512752398849  0.0009865548927336931 
84.0 0.0010474917944520712  0.000981129240244627 
85.0 0.0010994039475917816  0.0009769400348886847 
86.0 0.0011136982357129455  0.0009689524304121733 
87.0 0.0010542052332311869  0.0009679630747996271 
88.0 0.0010921221692115068  0.0009631971479393542 
89.0 0.0010700663551688194  0.0009552580304443836 
90.0 0.0010659069521352649  0.0009556647855788469 
91.0 0.0010907535906881094  0.0009477917337790132 
92.0 0.0010530103463679552  0.0009459215216338634 
93.0 0.0010549025610089302  0.0009394597145728767 
94.0 0.001036844216287136  0.00093414809089154 
95.0 0.0010383870685473084  0.0009312253096140921 
96.0 0.0010421032784506679  0.0009265764965675771 
97.0 0.0010189387248829007  0.0009256794000975788 
98.0 0.0010267769685015082  0.0009208658011630177 
99.0 0.0010321061126887798  0.0009169115801341832 
100.0 0.0010296660475432873  0.0009119197493419051 
101.0 0.0010248776525259018  0.0009103960474021733 
102.0 0.001020961906760931  0.0009073109249584377 
103.0 0.0009921942837536335  0.0009025808540172875 
104.0 0.0010439055040478706  0.000898214871995151 
105.0 0.0010738358832895756  0.0008970191702246666 
106.0 0.001086074742488563  0.0008919283282011747 
107.0 0.0010382937034592032  0.0008914361824281514 
108.0 0.0010477126343175769  0.0008879482629708946 
109.0 0.0011345702223479748  0.0008845286210998893 
110.0 0.0011242445325478911  0.0008820075308904052 
111.0 0.0011402345262467861  0.0008799529750831425 
112.0 0.0011058071395382285  0.0008791134459897876 
113.0 0.0010938533814623952  0.0008736933814361691 
114.0 0.0011383021483197808  0.0008696217555552721 
115.0 0.001156768761575222  0.0008701639017090201 
116.0 0.0011634249240159988  0.0008697279845364392 
117.0 0.0011850709561258554  0.0008632602985017002 
118.0 0.0011599978897720575  0.0008608998614363372 
119.0 0.0011907005682587624  0.0008611599332652986 
120.0 0.0012108806986361742  0.0008550484199076891 
121.0 0.0011741655180230737  0.0008554476080462337 
122.0 0.00114848290104419  0.0008518488029949367 
123.0 0.0011624695034697652  0.0008503940771333873 
