0.0 0.09230486303567886  0.1537049263715744 
1.0 0.06473681330680847  0.07231799513101578 
2.0 0.04622716084122658  0.05328312888741493 
3.0 0.04049751162528992  0.04326101392507553 
4.0 0.036591608077287674  0.037996917963027954 
5.0 0.033167555928230286  0.03485792502760887 
6.0 0.03206159919500351  0.032772112637758255 
7.0 0.030596604570746422  0.031112512573599815 
8.0 0.02918253466486931  0.029801150783896446 
9.0 0.027886981144547462  0.02861712872982025 
10.0 0.02687256410717964  0.027592286467552185 
11.0 0.027240334078669548  0.02671692706644535 
12.0 0.027066079899668694  0.02589595317840576 
13.0 0.02546042762696743  0.025089535862207413 
14.0 0.024768080562353134  0.024436481297016144 
15.0 0.025514526292681694  0.02378171868622303 
16.0 0.02452436089515686  0.023215942084789276 
17.0 0.024939900264143944  0.02269734814763069 
18.0 0.02298559434711933  0.022161871194839478 
19.0 0.024073893204331398  0.02164474129676819 
20.0 0.024293027818202972  0.02114724926650524 
21.0 0.023581882938742638  0.02054179646074772 
22.0 0.021288877353072166  0.01992945373058319 
23.0 0.022831041365861893  0.019405897706747055 
24.0 0.02138325572013855  0.018919046968221664 
25.0 0.020729025825858116  0.018510496243834496 
26.0 0.01893075369298458  0.018098749220371246 
27.0 0.018217872828245163  0.01770387589931488 
28.0 0.017983339726924896  0.017396466806530952 
29.0 0.01816408336162567  0.016963636502623558 
30.0 0.017272815108299255  0.016711411997675896 
31.0 0.017172683030366898  0.016412243247032166 
32.0 0.017161382362246513  0.016167286783456802 
33.0 0.018240347504615784  0.015811922028660774 
34.0 0.01638646423816681  0.015393240377306938 
35.0 0.015540248714387417  0.014956132508814335 
36.0 0.015011869370937347  0.014513280242681503 
37.0 0.015084262005984783  0.014181656762957573 
38.0 0.015437193214893341  0.013902486301958561 
39.0 0.01701611839234829  0.01359247975051403 
40.0 0.015109146945178509  0.013448569923639297 
41.0 0.01458770502358675  0.013214029371738434 
42.0 0.013803939335048199  0.013030731119215488 
43.0 0.013720997609198093  0.012818931601941586 
44.0 0.01431687455624342  0.012654841877520084 
45.0 0.013121397234499454  0.012471891939640045 
46.0 0.012598847970366478  0.01234289351850748 
47.0 0.012251557782292366  0.012180010788142681 
48.0 0.012235539965331554  0.012037139385938644 
49.0 0.01192894671112299  0.01189480721950531 
50.0 0.011546368710696697  0.011775936000049114 
51.0 0.011452349834144115  0.011638217605650425 
52.0 0.011185435578227043  0.011520280502736568 
53.0 0.011576798744499683  0.011348067782819271 
54.0 0.01122215110808611  0.011229862459003925 
55.0 0.011316145770251751  0.011059680953621864 
56.0 0.010460169985890388  0.010932228527963161 
57.0 0.010487934574484825  0.01075973641127348 
58.0 0.010388576425611973  0.010628169402480125 
59.0 0.010304583236575127  0.01051650382578373 
60.0 0.01041402667760849  0.010397573933005333 
61.0 0.010141372680664062  0.010275057516992092 
62.0 0.010481373406946659  0.010147279128432274 
63.0 0.010436037555336952  0.010058009997010231 
64.0 0.010100048966705799  0.009966847486793995 
65.0 0.009696472436189651  0.009849952533841133 
66.0 0.009494807571172714  0.009749467484652996 
67.0 0.00960154552012682  0.009664244949817657 
68.0 0.009937159717082977  0.009583674371242523 
69.0 0.009342469274997711  0.009464877657592297 
70.0 0.009097849950194359  0.00937347300350666 
71.0 0.00904984213411808  0.009300831705331802 
72.0 0.008809179998934269  0.009215697646141052 
73.0 0.00873398594558239  0.00911538302898407 
74.0 0.009708897210657597  0.00903427042067051 
75.0 0.008818903006613255  0.00896433088928461 
76.0 0.00910654291510582  0.00886276550590992 
77.0 0.009399225004017353  0.0087857935577631 
78.0 0.008437779732048512  0.00871200766414404 
79.0 0.008504173718392849  0.008622989058494568 
80.0 0.008480345830321312  0.008562837727367878 
81.0 0.00853240117430687  0.008470197208225727 
82.0 0.008592036552727222  0.00843123160302639 
83.0 0.008115731179714203  0.008349822834134102 
84.0 0.009273163974285126  0.008274056948721409 
85.0 0.009403944946825504  0.008214826695621014 
86.0 0.008889047428965569  0.008172075264155865 
87.0 0.008668006397783756  0.008098973892629147 
88.0 0.008092808537185192  0.008031262084841728 
89.0 0.008306165225803852  0.0079847676679492 
90.0 0.007820827886462212  0.00795630645006895 
91.0 0.007708693388849497  0.007880985736846924 
92.0 0.00851786881685257  0.0078082093968987465 
93.0 0.008168351836502552  0.007784719578921795 
94.0 0.008057433180510998  0.007736495230346918 
95.0 0.007789231836795807  0.007674158550798893 
96.0 0.008574302308261395  0.007609894033521414 
97.0 0.007766285445541143  0.007578833028674126 
98.0 0.0072905076667666435  0.007557274773716927 
99.0 0.007593050133436918  0.007493557874113321 
100.0 0.007591660134494305  0.0074334293603897095 
101.0 0.0076435343362390995  0.007389998063445091 
102.0 0.007110544480383396  0.007370583713054657 
103.0 0.007676152512431145  0.007337458897382021 
104.0 0.0071050128899514675  0.007296897005289793 
105.0 0.007081365678459406  0.007257472723722458 
106.0 0.00720332283526659  0.007197900675237179 
107.0 0.007403252646327019  0.007171493489295244 
108.0 0.00699949823319912  0.007116170134395361 
109.0 0.0070655737072229385  0.007112772669643164 
110.0 0.00687897065654397  0.007043225225061178 
111.0 0.006877392530441284  0.0070038530975580215 
112.0 0.0072740050964057446  0.006986476015299559 
113.0 0.007063691969960928  0.006960995960980654 
114.0 0.006892446894198656  0.006914670579135418 
115.0 0.006832510698586702  0.006871420424431562 
116.0 0.00736634898930788  0.006861383561044931 
117.0 0.006926439236849546  0.006817975081503391 
118.0 0.00699837738648057  0.006770542357116938 
119.0 0.007399907801300287  0.006745453923940659 
120.0 0.007799448445439339  0.006702698767185211 
121.0 0.0071847280487418175  0.006669424474239349 
122.0 0.007038837764412165  0.006631000898778439 
123.0 0.007180721964687109  0.006592791527509689 
124.0 0.007063043303787708  0.006569643039256334 
125.0 0.006980920676141977  0.006528643425554037 
126.0 0.007643367629498243  0.00649229995906353 
127.0 0.00735129788517952  0.006464069243520498 
128.0 0.007417342159897089  0.00641025323420763 
129.0 0.007321192882955074  0.006395835895091295 
130.0 0.006996430456638336  0.006368796806782484 
131.0 0.00728153670206666  0.006330753210932016 
132.0 0.007229540962725878  0.006297396961599588 
133.0 0.007601126097142696  0.006266512908041477 
134.0 0.007031592074781656  0.006278940476477146 
135.0 0.00816681794822216  0.006217913702130318 
