0.0 0.04075762256979942  0.090945303440094 
1.0 0.016725460067391396  0.02326386049389839 
2.0 0.015259776264429092  0.013061592355370522 
3.0 0.010864658281207085  0.010537137277424335 
4.0 0.009965798817574978  0.008999889716506004 
5.0 0.009304809384047985  0.007944811135530472 
6.0 0.007094785571098328  0.007182600907981396 
7.0 0.00702138664200902  0.006700996309518814 
8.0 0.006969758775085211  0.006235934793949127 
9.0 0.006739927921444178  0.005945858079940081 
10.0 0.00632757181301713  0.005739922635257244 
11.0 0.005759689956903458  0.005512721836566925 
12.0 0.005645225755870342  0.005361597985029221 
13.0 0.005646857898682356  0.005220101680606604 
14.0 0.005890391767024994  0.005120381247252226 
15.0 0.006067371927201748  0.005023591686040163 
16.0 0.005009825341403484  0.004944624844938517 
17.0 0.004812976345419884  0.004858444910496473 
18.0 0.004736989736557007  0.004779862705618143 
19.0 0.004628810565918684  0.004706026520580053 
20.0 0.004581685643643141  0.004645999521017075 
21.0 0.004772969987243414  0.004594281781464815 
22.0 0.004706306848675013  0.004544585477560759 
23.0 0.004625963978469372  0.004498484544456005 
24.0 0.004774564411491156  0.004456110764294863 
25.0 0.0046700239181518555  0.0044181146658957005 
26.0 0.004871630575507879  0.004381051752716303 
27.0 0.004889399744570255  0.0043430752120912075 
28.0 0.005035350099205971  0.004312559030950069 
29.0 0.004783117678016424  0.004282175097614527 
30.0 0.004956579767167568  0.004252418410032988 
31.0 0.004464634694159031  0.0042238724417984486 
32.0 0.004462002776563168  0.004196852445602417 
33.0 0.004431523848325014  0.0041700988076627254 
34.0 0.004559249151498079  0.004143119789659977 
35.0 0.00452105887234211  0.004118958488106728 
36.0 0.004506142809987068  0.004096637479960918 
37.0 0.004593261051923037  0.0040711103938519955 
38.0 0.004343759268522263  0.004052435513585806 
39.0 0.004232543986290693  0.004027404822409153 
40.0 0.004350100643932819  0.004003017209470272 
41.0 0.0042003849521279335  0.003984004259109497 
42.0 0.00422681774944067  0.003967088181525469 
43.0 0.004238119814544916  0.003944772761315107 
44.0 0.004157863091677427  0.003923911135643721 
45.0 0.00410140585154295  0.003897878108546138 
46.0 0.004111357033252716  0.003869143547490239 
47.0 0.004081215709447861  0.0038332513067871332 
48.0 0.0039955247193574905  0.0038021239452064037 
49.0 0.0039568026550114155  0.003761644009500742 
50.0 0.003848886117339134  0.0037176944315433502 
51.0 0.003948188852518797  0.0036633540876209736 
52.0 0.0036143879406154156  0.003601695178076625 
53.0 0.003932868596166372  0.00353119894862175 
54.0 0.003916288260370493  0.003461298532783985 
55.0 0.004162654746323824  0.0033818241208791733 
56.0 0.0037816001567989588  0.003285282989963889 
57.0 0.003954276442527771  0.0031828139908611774 
58.0 0.0034020282328128815  0.003111257217824459 
59.0 0.003515137592330575  0.0030158162117004395 
60.0 0.003237436292693019  0.0029305112548172474 
61.0 0.0030862658750265837  0.002870698692277074 
62.0 0.0031212421599775553  0.00279679405502975 
63.0 0.0028315437957644463  0.0027931868098676205 
64.0 0.004096138756722212  0.0027135026175528765 
65.0 0.003936757333576679  0.0032356390729546547 
66.0 0.003814393887296319  0.003344218945130706 
67.0 0.00274010025896132  0.0026702750474214554 
68.0 0.002767180325463414  0.002543141832575202 
69.0 0.0027203899808228016  0.0024624860379844904 
70.0 0.0025733609218150377  0.002893760334700346 
71.0 0.003777791978791356  0.0028946613892912865 
72.0 0.002322642132639885  0.0030256023164838552 
73.0 0.0033637566957622766  0.003109339624643326 
74.0 0.003336752764880657  0.003189674811437726 
75.0 0.0033573012333363295  0.00304770958609879 
76.0 0.0031583327800035477  0.002947027562186122 
77.0 0.0034061295446008444  0.002861748216673732 
78.0 0.0036854620557278395  0.0027640280313789845 
79.0 0.004026846494525671  0.0026785749942064285 
80.0 0.004040353465825319  0.0026013886090368032 
81.0 0.0034540314227342606  0.0025458282325416803 
82.0 0.0034577001351863146  0.002483861520886421 
83.0 0.0032267197966575623  0.0024307568091899157 
84.0 0.0029628672637045383  0.002376004820689559 
85.0 0.0032662893645465374  0.0023358226753771305 
86.0 0.0023837536573410034  0.0022951995488256216 
87.0 0.0023150481283664703  0.0022335362154990435 
88.0 0.002017816761508584  0.002199765294790268 
89.0 0.002849572105333209  0.0022700619883835316 
90.0 0.002686097752302885  0.0024061230942606926 
91.0 0.0027946762274950743  0.0023640471044927835 
92.0 0.002790633821859956  0.002298052655532956 
93.0 0.0027031104546040297  0.002229713136330247 
94.0 0.0024518861901015043  0.0021620618645101786 
95.0 0.0024053507950156927  0.0021164712961763144 
96.0 0.0020979184191673994  0.0020790861453861 
97.0 0.00238779722712934  0.0020149622578173876 
98.0 0.0022188604343682528  0.0020006555132567883 
99.0 0.0019343052990734577  0.0019305187743157148 
100.0 0.00197278312407434  0.0019186176359653473 
101.0 0.0018522756872698665  0.0018889751518145204 
102.0 0.0017199955182150006  0.0018671854631975293 
103.0 0.0017644485924392939  0.0018648130353540182 
104.0 0.0016871998086571693  0.001805159030482173 
105.0 0.00201439275406301  0.0017717387527227402 
106.0 0.0018538497388362885  0.0017671851674094796 
107.0 0.001609479426406324  0.001729566720314324 
108.0 0.001695345970802009  0.0017029748996719718 
109.0 0.0016516903415322304  0.0017144059529528022 
110.0 0.0027721740771085024  0.0019382830942049623 
111.0 0.00286891870200634  0.002440441632643342 
112.0 0.0026959783863276243  0.0023178239353001118 
113.0 0.0028305700980126858  0.0021684234961867332 
114.0 0.00268067279830575  0.002049328526481986 
115.0 0.0025461302138864994  0.0020527509041130543 
116.0 0.0024800782557576895  0.001954715233296156 
117.0 0.002042514970526099  0.0018883371958509088 
118.0 0.0019984685350209475  0.0017937178490683436 
119.0 0.0017984694568440318  0.00173681671731174 
120.0 0.00161220773588866  0.0016811692621558905 
121.0 0.0015826767776161432  0.0016333329258486629 
122.0 0.0016630092868581414  0.0015649591805413365 
123.0 0.0017232295358553529  0.0015744101256132126 
124.0 0.0014348390977829695  0.0015025014290586114 
125.0 0.0014977683313190937  0.0015577805461362004 
126.0 0.0013019221369177103  0.001415359671227634 
127.0 0.001427495270036161  0.0014602458104491234 
128.0 0.0015618645120412111  0.001447174116037786 
129.0 0.0011874967021867633  0.0014083946589380503 
130.0 0.0012335627106949687  0.0013911278219893575 
131.0 0.0011202413588762283  0.0013665433507412672 
132.0 0.001172065269201994  0.0013918584445491433 
133.0 0.0015532935503870249  0.0013280102284625173 
134.0 0.0014969748444855213  0.0013505311217159033 
135.0 0.0015739335212856531  0.001368085853755474 
136.0 0.0016965123359113932  0.0012974545825272799 
137.0 0.0011257744627073407  0.0012530605308711529 
138.0 0.001066479948349297  0.001299288240261376 
139.0 0.001125610084272921  0.0012239383067935705 
140.0 0.0011470228200778365  0.001185737201012671 
141.0 0.0014173135859891772  0.0011736744781956077 
142.0 0.0012434491654857993  0.0011626624036580324 
143.0 0.000892438692972064  0.0012088794028386474 
144.0 0.0024688919074833393  0.001136292121373117 
145.0 0.0009455909603275359  0.001194732147268951 
146.0 0.0007846059161238372  0.0012924076290801167 
147.0 0.0008796678739599884  0.0011547418544068933 
148.0 0.002103043021634221  0.0012398860417306423 
149.0 0.0009746300638653338  0.0011271006660535932 
150.0 0.0020421002991497517  0.001119197579100728 
151.0 0.0008626233320683241  0.0011293027782812715 
152.0 0.0025066430680453777  0.0011083674617111683 
153.0 0.0017051500035449862  0.001159269013442099 
154.0 0.0023325877264142036  0.0014219104778021574 
155.0 0.0017560983542352915  0.0012053364189341664 
156.0 0.0012174851726740599  0.0011239481391385198 
157.0 0.0024583644699305296  0.001112729194574058 
158.0 0.0018451123032718897  0.001049637794494629 
159.0 0.002098067430779338  0.0010344722541049123 
160.0 0.002872810000553727  0.0010860083857551217 
161.0 0.002881606575101614  0.001069751102477312 
162.0 0.0010217769304290414  0.0011673113331198692 
163.0 0.0015444846358150244  0.0011385418474674225 
164.0 0.003921921830624342  0.0011214303085580468 
165.0 0.00119452690705657  0.0010095274774357677 
166.0 0.003319273004308343  0.0011190413497388363 
