0.0 0.06290390342473984  0.10855122655630112 
1.0 0.04543186351656914  0.052477046847343445 
2.0 0.03275236487388611  0.0383947528898716 
3.0 0.02817620150744915  0.031395234167575836 
4.0 0.025053175166249275  0.02727101743221283 
5.0 0.024384630843997  0.02456117421388626 
6.0 0.025327516719698906  0.022640792652964592 
7.0 0.022757280617952347  0.02103296108543873 
8.0 0.021238625049591064  0.019492890685796738 
9.0 0.018260326236486435  0.018238235265016556 
10.0 0.017428023740649223  0.01715492643415928 
11.0 0.015386950224637985  0.016096334904432297 
12.0 0.01417009811848402  0.015278764069080353 
13.0 0.014164946973323822  0.014411455020308495 
14.0 0.01314565446227789  0.013730978593230247 
15.0 0.012575226835906506  0.012929650023579597 
16.0 0.013587245717644691  0.01232721284031868 
17.0 0.011739869602024555  0.01174202375113964 
18.0 0.011727530509233475  0.011252970434725285 
19.0 0.010771079920232296  0.010752825997769833 
20.0 0.01109437458217144  0.010364280082285404 
21.0 0.010759620927274227  0.010014262050390244 
22.0 0.009670536033809185  0.00960039347410202 
23.0 0.009176737628877163  0.00931373331695795 
24.0 0.009096966125071049  0.00899786502122879 
25.0 0.009221755899488926  0.008782550692558289 
26.0 0.008831086568534374  0.008523015305399895 
27.0 0.009090336970984936  0.008251044899225235 
28.0 0.009910522028803825  0.0081369299441576 
29.0 0.008933370001614094  0.007964981719851494 
30.0 0.008618025109171867  0.007789027411490679 
31.0 0.008543748408555984  0.00756609532982111 
32.0 0.009064157493412495  0.007490531541407108 
33.0 0.007898562587797642  0.007360182236880064 
34.0 0.007096942514181137  0.007160686422139406 
35.0 0.007477025967091322  0.007056745700538158 
36.0 0.006807203870266676  0.0068921903148293495 
37.0 0.0068256426602602005  0.0068042101338505745 
38.0 0.007038753479719162  0.006693711970001459 
39.0 0.0069139264523983  0.006625798065215349 
40.0 0.006363578140735626  0.006495686247944832 
41.0 0.006532696075737476  0.006420271936804056 
42.0 0.006489884108304977  0.006304383743554354 
43.0 0.006859049201011658  0.006198531482368708 
44.0 0.007225570734590292  0.006106859538704157 
45.0 0.006697218399494886  0.006009713746607304 
46.0 0.00608799559995532  0.005971875973045826 
47.0 0.0063766553066670895  0.005861455108970404 
48.0 0.00651392200961709  0.005789054557681084 
49.0 0.0064708637073636055  0.0057326494716107845 
50.0 0.0058155604638159275  0.00569250388070941 
51.0 0.006129106041043997  0.005597114097326994 
52.0 0.006091058719903231  0.0055777886882424355 
53.0 0.0055736820213496685  0.005509110167622566 
54.0 0.005520466715097427  0.0054325987584888935 
55.0 0.005391542799770832  0.005380698945373297 
56.0 0.005644937511533499  0.005331449210643768 
57.0 0.005488266237080097  0.005278345663100481 
58.0 0.0055349115282297134  0.005217758938670158 
59.0 0.005186033900827169  0.0051835812628269196 
60.0 0.005325290374457836  0.0051258886232972145 
61.0 0.005472938995808363  0.005106253083795309 
62.0 0.005354049149900675  0.0050535062327980995 
63.0 0.005280010402202606  0.005014278460294008 
64.0 0.005613700952380896  0.00495876045897603 
65.0 0.004981544800102711  0.004916768055409193 
66.0 0.005110477097332478  0.004934847354888916 
67.0 0.005472616758197546  0.004869980737566948 
68.0 0.005317277275025845  0.004850110970437527 
69.0 0.0051835449412465096  0.004843367263674736 
70.0 0.005033066496253014  0.004776638466864824 
71.0 0.004950759466737509  0.004758085589855909 
72.0 0.00474153459072113  0.004718112293630838 
73.0 0.004877513740211725  0.0047100502997636795 
74.0 0.004912981763482094  0.0046710362657904625 
75.0 0.004858308471739292  0.004631176125258207 
76.0 0.004723622929304838  0.004620453808456659 
77.0 0.004730735905468464  0.004559630062431097 
78.0 0.004705784842371941  0.004565513227134943 
79.0 0.004581774119287729  0.004509854130446911 
80.0 0.004581222776323557  0.004503054544329643 
81.0 0.004595537204295397  0.004464238416403532 
82.0 0.004675661213696003  0.004450473468750715 
83.0 0.004557072650641203  0.004436112008988857 
84.0 0.0051105814054608345  0.004441266413778067 
85.0 0.004957564640790224  0.004404089879244566 
86.0 0.004917275160551071  0.0043907263316214085 
87.0 0.0050978390499949455  0.004372541327029467 
88.0 0.004652667324990034  0.004333755932748318 
89.0 0.004903193097561598  0.0043166400864720345 
90.0 0.004830555059015751  0.004308756906539202 
91.0 0.004879908170551062  0.00431035365909338 
92.0 0.004809544887393713  0.004275199491530657 
93.0 0.00481141172349453  0.004236274398863316 
94.0 0.004746663384139538  0.004240155220031738 
95.0 0.004943147301673889  0.004216971341520548 
96.0 0.0053699505515396595  0.004213486798107624 
97.0 0.005129558965563774  0.004172989167273045 
98.0 0.005187042523175478  0.004163665231317282 
99.0 0.004908416885882616  0.004163156263530254 
100.0 0.004696973599493504  0.00412326492369175 
101.0 0.004894705954939127  0.004148696083575487 
102.0 0.0046305907890200615  0.00408128509297967 
103.0 0.004651086404919624  0.00411226786673069 
