0.0 0.040443338453769684  0.09577368944883347 
1.0 0.02772439271211624  0.03209063783288002 
2.0 0.022312486544251442  0.024587806314229965 
3.0 0.018918568268418312  0.020400909706950188 
4.0 0.016832591965794563  0.017643839120864868 
5.0 0.014353113248944283  0.015526819042861462 
6.0 0.01345507986843586  0.013870983384549618 
7.0 0.012884973548352718  0.012737357057631016 
8.0 0.011324676685035229  0.011675831861793995 
9.0 0.010875639505684376  0.0108460932970047 
10.0 0.010875027626752853  0.010130046866834164 
11.0 0.009682108648121357  0.00965048186480999 
12.0 0.009722583927214146  0.009250503033399582 
13.0 0.00930160004645586  0.00894311722368002 
14.0 0.008749027736485004  0.008615408092737198 
15.0 0.007649088278412819  0.008390843868255615 
16.0 0.007739263121038675  0.00813505332916975 
17.0 0.008435843512415886  0.007904530502855778 
18.0 0.0072897085919976234  0.00776238739490509 
19.0 0.006898792460560799  0.0075601753778755665 
20.0 0.006906191352754831  0.007393361534923315 
21.0 0.006550479214638472  0.007354320492595434 
22.0 0.006523899268358946  0.007128398399800062 
23.0 0.006734896916896105  0.0069545237347483635 
24.0 0.0067073628306388855  0.006888602394610643 
25.0 0.006495343055576086  0.0067343334667384624 
26.0 0.00621483800932765  0.006581124383956194 
27.0 0.005963956005871296  0.006401872728019953 
28.0 0.006578653585165739  0.006269259378314018 
29.0 0.007011556997895241  0.006114313378930092 
30.0 0.007114614360034466  0.006018489133566618 
31.0 0.006251011975109577  0.005932357162237167 
32.0 0.006274871528148651  0.005848863162100315 
33.0 0.005719998851418495  0.005763676483184099 
34.0 0.005770680494606495  0.00568176805973053 
35.0 0.005764755420386791  0.005595915485173464 
36.0 0.00539141520857811  0.0055275834165513515 
37.0 0.005547879263758659  0.005443427246063948 
38.0 0.006436535622924566  0.005383769981563091 
39.0 0.005830246023833752  0.005341275129467249 
40.0 0.007000138983130455  0.005298936739563942 
41.0 0.0065719205886125565  0.005221984814852476 
42.0 0.006730994209647179  0.00516634713858366 
43.0 0.005749692674726248  0.005090372636914253 
44.0 0.005638597533106804  0.005041459575295448 
45.0 0.0058059534057974815  0.004994421731680632 
46.0 0.005114499945193529  0.004952852614223957 
47.0 0.005358142778277397  0.004892644472420216 
48.0 0.005047591403126717  0.00484672375023365 
49.0 0.005307672079652548  0.00480374600738287 
50.0 0.005361921153962612  0.00478658452630043 
51.0 0.005195142235606909  0.004682971630245447 
52.0 0.00481001939624548  0.0046804859302937984 
53.0 0.005157098639756441  0.00464078551158309 
54.0 0.005066948011517525  0.004578906111419201 
55.0 0.00496277492493391  0.004532674327492714 
56.0 0.004973320290446281  0.004543017130345106 
57.0 0.005196752957999706  0.004485318437218666 
58.0 0.005187120288610458  0.004478621296584606 
59.0 0.004707511980086565  0.004408326931297779 
60.0 0.006563048809766769  0.004387240391224623 
61.0 0.004625892732292414  0.004319371189922094 
62.0 0.004700897727161646  0.004278498236089945 
63.0 0.005208760965615511  0.004259495995938778 
64.0 0.004725693725049496  0.0042136432603001595 
65.0 0.005431978031992912  0.004213086329400539 
66.0 0.0054989648051559925  0.004142166115343571 
67.0 0.004460495430976152  0.004105573520064354 
68.0 0.004837930668145418  0.004088758956640959 
69.0 0.004687344655394554  0.004036441911011934 
70.0 0.0050105261616408825  0.0040139914490282536 
71.0 0.0043967729434370995  0.0039655473083257675 
72.0 0.004843609873205423  0.0039255269803106785 
73.0 0.004189987666904926  0.0039011265616863966 
74.0 0.004462147131562233  0.003862058976665139 
75.0 0.004337000660598278  0.003811160335317254 
76.0 0.004381888080388308  0.0037725819274783134 
77.0 0.0045150709338486195  0.003762013977393508 
78.0 0.004855344071984291  0.003707944182679057 
79.0 0.003911782521754503  0.003642065217718482 
80.0 0.0041382876224815845  0.0036201346665620804 
81.0 0.00417574867606163  0.0035690527874976397 
82.0 0.0038943744730204344  0.003516103606671095 
83.0 0.0036600499879568815  0.003460897598415613 
84.0 0.004381545819342136  0.0034325497690588236 
85.0 0.004701947793364525  0.0033751686569303274 
86.0 0.004686187487095594  0.0033270998392254114 
87.0 0.0038075095508247614  0.0032634236849844456 
88.0 0.005238747224211693  0.0032360421027988195 
89.0 0.004657384939491749  0.0032024758402258158 
90.0 0.004809745121747255  0.0031562293879687786 
91.0 0.0036402216646820307  0.003129119984805584 
92.0 0.0035963905975222588  0.003085837233811617 
93.0 0.0037483626510947943  0.0030751691665500402 
94.0 0.004286690149456263  0.0030261678621172905 
95.0 0.0029660388827323914  0.0030056943651288748 
96.0 0.003061530413106084  0.0029464776162058115 
97.0 0.002850358374416828  0.002948755631223321 
98.0 0.0033814923372119665  0.002917965641245246 
99.0 0.0029097741935402155  0.0028882648330181837 
100.0 0.003006265265867114  0.0028571607545018196 
101.0 0.0031845199409872293  0.0028411997482180595 
102.0 0.0029840050265192986  0.002806097734719515 
103.0 0.0044922614470124245  0.0027844004798680544 
104.0 0.0034721705596894026  0.002763371914625168 
105.0 0.0027200623881071806  0.002745737787336111 
106.0 0.002703073900192976  0.0027222149074077606 
107.0 0.002557028317824006  0.0026985735166817904 
108.0 0.002752689179033041  0.0026624060701578856 
109.0 0.0027644908986985683  0.002653599949553609 
110.0 0.002586914459243417  0.00263223540969193 
111.0 0.002565006259828806  0.002611930714920163 
112.0 0.00242215720936656  0.002594933146610856 
113.0 0.002518965397030115  0.0025530655402690172 
114.0 0.002687589032575488  0.0025612874887883663 
115.0 0.0025664654094725847  0.0025182010140269995 
116.0 0.0023105645086616278  0.0025185567792505026 
117.0 0.0033903217408806086  0.0025067413225769997 
118.0 0.002525576390326023  0.0024690660648047924 
119.0 0.0025983902160078287  0.0024420730769634247 
120.0 0.002510081510990858  0.002445904305204749 
121.0 0.002116151386871934  0.0024239367339760065 
122.0 0.00313012907281518  0.0024158949963748455 
123.0 0.0026188762858510017  0.002398420823737979 
124.0 0.0029242285527288914  0.0023849911522120237 
125.0 0.003120728302747011  0.0023447838611900806 
126.0 0.0025477418676018715  0.002339125843718648 
127.0 0.0024107254575937986  0.0023223133757710457 
128.0 0.002514907158911228  0.002320899162441492 
129.0 0.002383357146754861  0.0022885070648044348 
130.0 0.002507495693862438  0.002304542576894164 
131.0 0.0021140670869499445  0.002256657462567091 
132.0 0.002563175279647112  0.0022466660011559725 
133.0 0.003094353713095188  0.0022384473122656345 
134.0 0.00219044485129416  0.0022388205397874117 
135.0 0.0023786735255271196  0.0021942099556326866 
136.0 0.004021865781396627  0.002202027477324009 
137.0 0.0031061607878655195  0.0021754628978669643 
138.0 0.00225569074973464  0.0021742568351328373 
139.0 0.0032079194206744432  0.002178408671170473 
140.0 0.0028402141761034727  0.002144263591617346 
141.0 0.0024444584269076586  0.002146753715351224 
142.0 0.0024653468281030655  0.0021326513960957527 
143.0 0.0020508263260126114  0.0020969368051737547 
144.0 0.002180966781452298  0.0021028209012001753 
145.0 0.002337268553674221  0.0020994055084884167 
146.0 0.00234844908118248  0.002066453220322728 
147.0 0.002295412588864565  0.0020618815906345844 
148.0 0.002005515154451132  0.0020707626827061176 
149.0 0.0022345210891216993  0.00205125636421144 
150.0 0.0022888495586812496  0.002030001487582922 
151.0 0.0019812509417533875  0.0020241374149918556 
152.0 0.002279727254062891  0.002015330595895648 
153.0 0.0023815911263227463  0.0019943660590797663 
154.0 0.0021724028047174215  0.0019985719118267298 
155.0 0.0019584062974900007  0.001975151477381587 
156.0 0.0018167482921853662  0.0019614954944700003 
157.0 0.0024257900658994913  0.0019778376445174217 
158.0 0.002961778314784169  0.001978005049750209 
159.0 0.002424144884571433  0.001957958098500967 
160.0 0.0025822429452091455  0.0019528116099536419 
161.0 0.002008251380175352  0.001917787827551365 
162.0 0.002003882545977831  0.0019049551337957382 
163.0 0.0024502044543623924  0.0019221040420234203 
164.0 0.0030499219428747892  0.0019185394048690796 
165.0 0.002054643351584673  0.0018779962556436658 
166.0 0.001850554603151977  0.0018940636655315757 
167.0 0.0028113352600485086  0.0018700204091146588 
168.0 0.0018420355627313256  0.001854302710853517 
169.0 0.0021099376026540995  0.0018393535865470767 
170.0 0.001803864724934101  0.0018416433595120907 
171.0 0.0020206207409501076  0.0018352821934968233 
172.0 0.0022986179683357477  0.0018083278555423021 
173.0 0.0022202839609235525  0.001825736602768302 
174.0 0.0017684956546872854  0.001787678455002606 
175.0 0.0021186801604926586  0.0017900789389386773 
176.0 0.002663749037310481  0.001783121027983725 
177.0 0.0021199577022343874  0.0017736487789079547 
178.0 0.0020328680984675884  0.001774488133378327 
179.0 0.0016829519299790263  0.0017470244783908129 
180.0 0.0016637817025184631  0.0017489780439063907 
181.0 0.002423659898340702  0.0017356581520289183 
182.0 0.0021866941824555397  0.0017437412170693278 
183.0 0.0018994344864040613  0.0017170327482745051 
184.0 0.0021014497615396976  0.001727630035020411 
185.0 0.001980682136490941  0.0017092969501391053 
186.0 0.0017517731757834554  0.0017091052141040564 
187.0 0.0020455403719097376  0.0016792042879387736 
188.0 0.0022720717824995518  0.0016868151724338531 
189.0 0.00179814244620502  0.0016798836877569556 
190.0 0.0019183786353096366  0.0016626381548121572 
191.0 0.0016658534295856953  0.0016710557974874973 
192.0 0.0017989561893045902  0.0016524288803339005 
193.0 0.0016699576517567039  0.0016552555607631803 
194.0 0.0016009649261832237  0.0016234193462878466 
195.0 0.001679915701970458  0.0016351935919374228 
196.0 0.001731789205223322  0.0016333895036950707 
197.0 0.0017733825370669365  0.001630297745577991 
198.0 0.0021238268818706274  0.0016096319304779172 
199.0 0.0019047564128413796  0.0016207006992772222 
