0.0 0.017963597550988197  0.05303257703781128 
1.0 0.012161163613200188  0.012484258972108364 
2.0 0.009917343966662884  0.007929261773824692 
3.0 0.008945541456341743  0.005888525862246752 
4.0 0.007768318057060242  0.004746145568788052 
5.0 0.005890035070478916  0.004068966023623943 
6.0 0.005586848594248295  0.0035773601848632097 
7.0 0.004111801274120808  0.0032096928916871548 
8.0 0.0034481834154576063  0.0029380773194134235 
9.0 0.004544506315141916  0.0027641516644507647 
10.0 0.0035073217004537582  0.0025552576407790184 
11.0 0.003722231136634946  0.0023939614184200764 
12.0 0.0026561373379081488  0.0022423069458454847 
13.0 0.002402662066742778  0.0020584124140441418 
14.0 0.0020845066756010056  0.001903855474665761 
15.0 0.0021201842464506626  0.0017643345054239035 
16.0 0.0020658192224800587  0.0016781240701675415 
17.0 0.0020280408207327127  0.0015843970468267798 
18.0 0.0024232366122305393  0.0015007273759692907 
19.0 0.0022367374040186405  0.0014378681080415845 
20.0 0.0022277485113590956  0.001383576076477766 
21.0 0.0025546131655573845  0.0013394353445619345 
22.0 0.0025100084021687508  0.0012875833781436086 
23.0 0.0025856357533484697  0.0012577326269820333 
24.0 0.0025059282779693604  0.0012137612793594599 
25.0 0.002384344581514597  0.0011701594339683652 
26.0 0.002468074904754758  0.0011483981506899 
27.0 0.0023987966123968363  0.001110483892261982 
28.0 0.002324641216546297  0.001080249552614987 
29.0 0.002276108367368579  0.001052065403200686 
30.0 0.0020070241298526525  0.0010222452692687511 
31.0 0.001961714820936322  0.0009860581485554576 
32.0 0.0019381243037059903  0.0009679998620413244 
33.0 0.0019143240060657263  0.0009421458235010505 
34.0 0.0017782753566280007  0.0009237499325536191 
35.0 0.0018504959298297763  0.0009059535805135965 
36.0 0.0019033132120966911  0.0008884408161975443 
37.0 0.0017975230002775788  0.00086728431051597 
38.0 0.0016094170277938247  0.000849176081828773 
39.0 0.001438742270693183  0.0008391537703573704 
40.0 0.001414672820828855  0.000814969593193382 
41.0 0.0015375511720776558  0.0008024179842323065 
42.0 0.0015483631286770105  0.0007896673050709069 
43.0 0.0015696273185312748  0.0007767921779304743 
44.0 0.0015053368406370282  0.0007695000967942178 
45.0 0.001374614890664816  0.0007526050321757793 
46.0 0.0014417998027056456  0.0007430201512761414 
47.0 0.0014097696403041482  0.0007290833164006472 
48.0 0.0013185611460357904  0.0007195703801698983 
49.0 0.0012711547315120697  0.0007075451430864632 
50.0 0.0012043743627145886  0.0006988227250985801 
51.0 0.001109805889427662  0.0006893440149724483 
52.0 0.0009998620953410864  0.0006795863155275583 
53.0 0.0010036196326836944  0.0006716501666232944 
54.0 0.0009468067437410355  0.0006628379342146218 
55.0 0.0008821748779155314  0.0006489524967037141 
56.0 0.0008767145918682218  0.0006549482932314277 
57.0 0.0008362274384126067  0.0006364876171573997 
58.0 0.0008539822301827371  0.0006350405164994299 
59.0 0.0008445309358648956  0.0006272169412113726 
60.0 0.0008138538105413318  0.0006171577260829508 
61.0 0.0008508603787049651  0.0006090772221796215 
62.0 0.0008080741972662508  0.0006042241584509611 
63.0 0.0008195992559194565  0.0005946371820755303 
64.0 0.0008385273395106196  0.0005903763812966645 
65.0 0.0007864283979870379  0.0005821127560921013 
66.0 0.0007679580594412982  0.000575190526433289 
67.0 0.0007375680725090206  0.0005728638498112559 
68.0 0.0007365687633864582  0.0005622702883556485 
69.0 0.0007503554807044566  0.0005550555652007461 
70.0 0.0007318387506529689  0.0005497416714206338 
71.0 0.0008181246230378747  0.0005440692766569555 
72.0 0.0008438858785666525  0.0005361459916457534 
73.0 0.0008792009321041405  0.0005339441704563797 
74.0 0.0007858223398216069  0.0005354380118660629 
75.0 0.0008687366498634219  0.0005221308674663305 
76.0 0.0009082786273211241  0.0005152858793735504 
77.0 0.0008812372107058764  0.0005114975501783192 
78.0 0.0008859921363182366  0.0005033231573179364 
79.0 0.0008845924749039114  0.0005048088496550918 
80.0 0.0008658314472995698  0.0005050041945651174 
81.0 0.000910858332645148  0.0004940169164910913 
82.0 0.0010195402428507805  0.0004886899841949344 
83.0 0.000905197870451957  0.00048306415555998683 
84.0 0.0009107970399782062  0.00047881013597361743 
85.0 0.0008828279096633196  0.00048052030615508556 
86.0 0.0008805303368717432  0.00047201142297126353 
87.0 0.0008917895029298961  0.0004707509360741824 
88.0 0.0008928159368224442  0.00046569103142246604 
89.0 0.0008666423382237554  0.00046386607573367655 
90.0 0.0009045092156156898  0.00045680758194066584 
