0.0 0.03128167614340782  0.06712400913238525 
1.0 0.017749616876244545  0.024212293326854706 
2.0 0.017087558284401894  0.014763565734028816 
3.0 0.01526560727506876  0.010196562856435776 
4.0 0.018444811925292015  0.007921860553324223 
5.0 0.016758862882852554  0.006557630840688944 
6.0 0.012550770305097103  0.005745735485106707 
7.0 0.013612931594252586  0.005188398063182831 
8.0 0.009002935141324997  0.0047264969907701015 
9.0 0.007120682392269373  0.004386448301374912 
10.0 0.00727593619376421  0.004101065453141928 
11.0 0.00746949901804328  0.0038964529521763325 
12.0 0.005637189373373985  0.0037198776844888926 
13.0 0.006408639717847109  0.0035065808333456516 
14.0 0.00680422643199563  0.0033374784979969263 
15.0 0.005575699266046286  0.0032259535510092974 
16.0 0.005796236451715231  0.003084832336753607 
17.0 0.005716412328183651  0.003004193538799882 
18.0 0.004999192431569099  0.002891766605898738 
19.0 0.004437767434865236  0.002804635791108012 
20.0 0.0041277604177594185  0.0026990880724042654 
21.0 0.0037272311747074127  0.0026227738708257675 
22.0 0.0035476544871926308  0.0025413783732801676 
23.0 0.0036079050041735172  0.002485331380739808 
24.0 0.0038327553775161505  0.0024214917793869972 
25.0 0.003893691347911954  0.002365715801715851 
26.0 0.003992119338363409  0.002318475628271699 
27.0 0.003927915822714567  0.0022680882830172777 
28.0 0.003607766469940543  0.0022228811867535114 
29.0 0.003814251162111759  0.002179441275075078 
30.0 0.0034835566766560078  0.002141883596777916 
31.0 0.0031806828919798136  0.0021015540696680546 
32.0 0.0033997048158198595  0.0020654539112001657 
33.0 0.0034794174134731293  0.0020332825370132923 
34.0 0.0032718966249376535  0.001994192833080888 
35.0 0.0033361613750457764  0.0019612887408584356 
36.0 0.003126453375443816  0.0019420972093939781 
37.0 0.0030939069110900164  0.0019029404502362013 
38.0 0.003143591806292534  0.001881475793197751 
39.0 0.003313470399007201  0.001846821396611631 
40.0 0.00303266360424459  0.0018181365448981524 
41.0 0.002715358743444085  0.001786649227142334 
42.0 0.002631216775625944  0.0017587791662663221 
43.0 0.002304901136085391  0.001719295745715499 
44.0 0.0024067817721515894  0.00168696790933609 
45.0 0.0021533744875341654  0.001656965701840818 
46.0 0.0022745190653949976  0.0016307920450344682 
47.0 0.002022013533860445  0.001606753095984459 
48.0 0.0019627567380666733  0.0015809803735464811 
49.0 0.0019669714383780956  0.0015566047513857484 
50.0 0.0028046059887856245  0.0015320527600124478 
51.0 0.002137028845027089  0.0015150095568969846 
52.0 0.0019470799015834928  0.0014940195251256227 
53.0 0.0019434981513768435  0.0014711228432133794 
54.0 0.0019293957157060504  0.0014505601720884442 
55.0 0.002012377604842186  0.001428857445716858 
56.0 0.002005410147830844  0.0014131226344034076 
57.0 0.0018210936104878783  0.0013982993550598621 
58.0 0.0020588398911058903  0.001377957290969789 
59.0 0.001952325226739049  0.0013611918548122048 
60.0 0.00174541340675205  0.001344228396192193 
61.0 0.0017723862547427416  0.001327012898400426 
62.0 0.0018937631975859404  0.0013115571346133947 
63.0 0.0018710687290877104  0.0012979102320969105 
64.0 0.0019588449504226446  0.0012824818259105086 
65.0 0.0018448902992531657  0.0012689720606431365 
66.0 0.0018338506342843175  0.0012546033831313252 
67.0 0.0017887046560645103  0.0012418580008670688 
68.0 0.00183468300383538  0.001225403742864728 
69.0 0.0018439434934407473  0.0012142645427957177 
70.0 0.001435131416656077  0.0011995866661891341 
71.0 0.0013580872910097241  0.0011813660385087132 
72.0 0.0013303164159879088  0.0011617302661761642 
73.0 0.0012513019610196352  0.0011470377212390304 
74.0 0.001204558415338397  0.0011329470435157418 
75.0 0.0012033499078825116  0.0011196841951459646 
76.0 0.0011283078929409385  0.0011058958480134606 
77.0 0.0011102912249043584  0.0010958374477922916 
78.0 0.0010943395318463445  0.0010847743833437562 
79.0 0.0010991866001859307  0.0010760589502751827 
80.0 0.0011263851774856448  0.0010686904424801469 
81.0 0.0011060942197218537  0.0010563734686002135 
82.0 0.0010952090378850698  0.001049258396960795 
83.0 0.0010732484515756369  0.0010434406576678157 
84.0 0.001078826724551618  0.0010340838925912976 
85.0 0.0011357621988281608  0.0010307319462299347 
86.0 0.001165093039162457  0.0010199473472312093 
87.0 0.0011481716064736247  0.0010163862025365233 
88.0 0.0012445086613297462  0.0010109065333381295 
89.0 0.0011968842009082437  0.0010029959958046675 
90.0 0.0011987232137471437  0.000996880349703133 
91.0 0.001152219483628869  0.0009916680864989758 
92.0 0.0011866583954542875  0.000986799830570817 
93.0 0.0012130411341786385  0.0009786451701074839 
94.0 0.0012856352841481566  0.0009734975174069405 
95.0 0.0012903324095532298  0.0009685009717941284 
96.0 0.0011863483814522624  0.0009626729297451675 
97.0 0.0011539015686139464  0.0009567757369950414 
98.0 0.0011365566169843078  0.0009497752180323005 
99.0 0.001131100463680923  0.0009447368793189526 
100.0 0.0010673139477148652  0.0009400293347425759 
101.0 0.0011362498626112938  0.0009326796280220151 
102.0 0.0010720371501520276  0.0009284212719649076 
103.0 0.0010270639322698116  0.0009245109395124018 
104.0 0.0010367435170337558  0.0009173214784823358 
105.0 0.0010419675381854177  0.0009147057426162064 
106.0 0.0010700669372454286  0.0009104281198233366 
107.0 0.0010313397506251931  0.0009098124573938549 
108.0 0.001009577070362866  0.0009047618950717151 
109.0 0.0010256690438836813  0.0009016080875881016 
110.0 0.0009799672989174724  0.0008963565342128277 
111.0 0.001010356587357819  0.0008917879313230515 
112.0 0.0009941855678334832  0.0008888932643458247 
113.0 0.0010113840689882636  0.0008832688326947391 
114.0 0.0009831282077357173  0.0008798656053841114 
115.0 0.000964573526289314  0.0008775036549195647 
116.0 0.001003521028906107  0.0008710499387234449 
117.0 0.00100195431150496  0.0008705579093657434 
118.0 0.0009663676028139889  0.0008652582764625549 
119.0 0.0009749208111315966  0.0008629554067738354 
120.0 0.0010016360320150852  0.000859775289427489 
121.0 0.0010046361712738872  0.0008561622817069292 
122.0 0.0010026927338913083  0.0008530726772733033 
123.0 0.0009736960637383163  0.000849709496833384 
124.0 0.0009508095099590719  0.0008456999785266817 
125.0 0.0009538453305140138  0.0008413795148953795 
126.0 0.0009419311536476016  0.0008398426580242813 
127.0 0.0009376312373206019  0.0008363219676539302 
128.0 0.0009239809587597847  0.0008325092494487762 
129.0 0.0009147530654445291  0.0008303805370815098 
130.0 0.0009334005299024284  0.0008291631820611656 
131.0 0.0009000981226563454  0.00082379300147295 
132.0 0.0009043787140399218  0.0008229959639720619 
133.0 0.0008899945532903075  0.0008192858658730984 
134.0 0.0009005111642181873  0.0008167971391230822 
135.0 0.0008837491041049361  0.0008147711050696671 
136.0 0.0009101335890591145  0.0008119778358377516 
137.0 0.0008865028503350914  0.0008108479087240994 
138.0 0.000885720073711127  0.0008078587125055492 
139.0 0.0008867905708029866  0.0008038567611947656 
140.0 0.0008809925056993961  0.0008021097746677697 
141.0 0.0008993488736450672  0.00080044602509588 
142.0 0.0008806820842437446  0.0007982803508639336 
143.0 0.0008817927446216345  0.0007962265517562628 
144.0 0.0008917923551052809  0.000791873608250171 
145.0 0.0008743065409362316  0.0007915941532701254 
146.0 0.0008813159656710923  0.0007887476240284741 
147.0 0.0008725493680685759  0.0007857348537072539 
148.0 0.0008719087927602232  0.0007841892074793577 
149.0 0.0008753698202781379  0.0007820602040737867 
150.0 0.0009019985445775092  0.0007833823910914361 
151.0 0.0009073057444766164  0.0007804924971424043 
152.0 0.0008936516824178398  0.0007773461402393878 
153.0 0.0009021632140502334  0.0007776047568768263 
154.0 0.0008986979955807328  0.0007752661476843059 
155.0 0.0008828443242236972  0.0007726874900981784 
156.0 0.0008747795945964754  0.0007703555165790021 
157.0 0.0008703948114998639  0.0007687864126637578 
158.0 0.0008570941863581538  0.000765432370826602 
159.0 0.0008633590186946094  0.0007653076900169253 
160.0 0.0008445129496976733  0.0007624872960150242 
161.0 0.0008482976700179279  0.0007614721544086933 
162.0 0.000839008076582104  0.0007593798218294978 
163.0 0.0008391711162403226  0.0007575327181257308 
164.0 0.0008286071824841201  0.0007569952285848558 
165.0 0.0008354686433449388  0.0007535233744420111 
166.0 0.0008306017844006419  0.0007534046308137476 
167.0 0.0008112714276649058  0.0007500554784201086 
168.0 0.0008212262764573097  0.0007492623408325016 
169.0 0.0008209014195017517  0.0007469174452126026 
170.0 0.0008086406160145998  0.000745183031540364 
171.0 0.000802336900960654  0.0007450211560353637 
172.0 0.0007924204110167921  0.000740372808650136 
173.0 0.000812259444501251  0.000740058021619916 
174.0 0.0008011957397684455  0.0007368398946709931 
175.0 0.0008051638724282384  0.0007366257486864924 
176.0 0.0008064715657383204  0.0007330695516429842 
177.0 0.0007964491960592568  0.0007322551100514829 
178.0 0.0008069699979387224  0.0007301924633793533 
179.0 0.0007878118776716292  0.0007293710368685424 
180.0 0.0007791608804836869  0.0007288820343092084 
181.0 0.0007968167774379253  0.0007265108288265765 
182.0 0.0007903699879534543  0.0007241759449243546 
183.0 0.000794258143287152  0.0007230835035443306 
184.0 0.0008070400799624622  0.0007203725981526077 
185.0 0.0007815897697582841  0.0007201100816018879 
186.0 0.0007920057978481054  0.000718515831977129 
187.0 0.0007865880033932626  0.000715596426744014 
188.0 0.0007833701092749834  0.0007155301864258945 
189.0 0.000782709161285311  0.0007133358158171177 
190.0 0.0007836869917809963  0.0007108103018254042 
191.0 0.0007766017224639654  0.000712087843567133 
192.0 0.0007733062375336885  0.0007077687187120318 
193.0 0.0007661733543500304  0.0007078767521306872 
194.0 0.0007794721168465912  0.0007066455436870456 
195.0 0.000778404762968421  0.0007054737652651966 
196.0 0.0007764769834466279  0.0007026354433037341 
197.0 0.0007908361149020493  0.000702516408637166 
198.0 0.000776657194364816  0.0007001761114224792 
199.0 0.0007854568539187312  0.0006992804119363427 
