0.0 0.005558242090046406  0.02359519898891449 
1.0 0.003916189074516296  0.004563811235129833 
2.0 0.00361358723603189  0.0036407404113560915 
3.0 0.003217704128473997  0.0032054295297712088 
4.0 0.002937174867838621  0.0029173309449106455 
5.0 0.002803223207592964  0.0027096180710941553 
6.0 0.002714938949793577  0.0025605401024222374 
7.0 0.002539006294682622  0.002447953913360834 
8.0 0.002498248126357794  0.002343502826988697 
9.0 0.00243930472061038  0.0022614665795117617 
10.0 0.002387621672824025  0.0021941678132861853 
11.0 0.0022901238407939672  0.00213078735396266 
12.0 0.0021862275898456573  0.002076023491099477 
13.0 0.002151285530999303  0.0020198526326566935 
14.0 0.0021748903673142195  0.0019696468953043222 
15.0 0.002111871959641576  0.0019263142021372914 
16.0 0.0020466085989028215  0.0018825974548235536 
17.0 0.0022759423591196537  0.0018478360725566745 
18.0 0.002491345163434744  0.001816389849409461 
19.0 0.0020423901733011007  0.0017973935464397073 
20.0 0.002072530798614025  0.0017616006080061197 
21.0 0.001871751737780869  0.0017380560748279095 
22.0 0.0019327941117808223  0.0017228585202246904 
23.0 0.002003665082156658  0.0016972963931038976 
24.0 0.0017921801190823317  0.001707686111330986 
25.0 0.0017087640007957816  0.001681076711975038 
26.0 0.001770418370142579  0.0016632317565381527 
27.0 0.0016402282053604722  0.0016533356392756104 
28.0 0.0027593092527240515  0.001626045792363584 
29.0 0.002669932786375284  0.0016209565801545978 
30.0 0.002109514083713293  0.0016050173435360193 
31.0 0.0031279264949262142  0.001624138792976737 
32.0 0.0016308411723002791  0.0015887508634477854 
33.0 0.001677955617196858  0.0015956934075802565 
34.0 0.0018089073710143566  0.0015782758127897978 
35.0 0.0026784923393279314  0.0015548791270703077 
36.0 0.0023544456344097853  0.0015533007681369781 
37.0 0.0016806608764454722  0.001541196252219379 
38.0 0.0015340551035478711  0.0015373511705547571 
39.0 0.0017418292118236423  0.0015056001720950007 
40.0 0.0022076107561588287  0.0015346718719229102 
41.0 0.0020682290196418762  0.0015526606002822518 
42.0 0.0022141013760119677  0.0014968171017244458 
43.0 0.0028262650594115257  0.0014893963234499097 
44.0 0.0017233275575563312  0.0014824365498498082 
45.0 0.0019245081348344684  0.0014799238415434957 
46.0 0.003071438055485487  0.0014531542547047138 
47.0 0.0016090666176751256  0.0014404657995328307 
48.0 0.001496731536462903  0.0014709433307871222 
49.0 0.0016153870383277535  0.0013876332668587565 
50.0 0.0015362035483121872  0.0014364405069500208 
51.0 0.0021121527533978224  0.0014297087909653783 
52.0 0.0020411380100995302  0.0013867997331544757 
53.0 0.0018212180584669113  0.0014617760898545384 
54.0 0.0014936907682567835  0.0013590542366728187 
55.0 0.0016116451006382704  0.0014259659219533205 
56.0 0.002051903400570154  0.001468356465920806 
57.0 0.0015343844424933195  0.0014003455871716142 
58.0 0.001651421538554132  0.0013802092289552093 
59.0 0.0017366871470585465  0.0013562700478360057 
60.0 0.00166293082293123  0.0014269883977249265 
61.0 0.0015387744642794132  0.0014415757032111287 
62.0 0.001490521477535367  0.001368992729112506 
63.0 0.001465409528464079  0.0013040031772106886 
64.0 0.0015199821209535003  0.00125198217574507 
65.0 0.001540310331620276  0.0012141310144215822 
66.0 0.001674237078987062  0.0011716585140675306 
67.0 0.0017546515446156263  0.0011344233062118292 
68.0 0.0018360338872298598  0.0011093876091763377 
69.0 0.0012907464988529682  0.0010724725434556603 
70.0 0.0013554308097809553  0.0010546791600063443 
71.0 0.0011972367065027356  0.001035852706991136 
72.0 0.0011745392112061381  0.0010009548859670758 
73.0 0.0013601379469037056  0.0009712257888168097 
74.0 0.0011435647029429674  0.000976870651356876 
75.0 0.0017153234221041203  0.0009637553011998534 
76.0 0.001904806587845087  0.0009769327007234097 
77.0 0.0010400146711617708  0.0009838060941547155 
78.0 0.001405064482241869  0.0009265171247534454 
79.0 0.00124027905985713  0.0009531540563330054 
80.0 0.0011613995302468538  0.0010262619471177459 
81.0 0.001119930879212916  0.0011304189683869481 
82.0 0.00100967928301543  0.0010388728696852922 
83.0 0.0013576759956777096  0.001108524389564991 
84.0 0.0012884627794846892  0.001089654746465385 
85.0 0.0011317325988784432  0.0010128525318577886 
86.0 0.0012467453489080071  0.001109252916648984 
87.0 0.001948183635249734  0.0011063782731071115 
88.0 0.0012855688109993935  0.0011733367573469877 
89.0 0.0014549067709594965  0.0011853829491883516 
90.0 0.0017537036910653114  0.0012115384452044964 
91.0 0.0013765360927209258  0.0013261062558740377 
92.0 0.0015126470243558288  0.0012526942882686853 
93.0 0.001180240768007934  0.0011549954069778323 
94.0 0.001704376540146768  0.0011303209466859698 
95.0 0.0013632244663313031  0.001190275070257485 
96.0 0.0011044756975024939  0.0010834101121872663 
97.0 0.0012875176034867764  0.001130065880715847 
98.0 0.0009412330109626055  0.0009633729350753129 
99.0 0.0010269908234477043  0.0009645003592595458 
100.0 0.001212702482007444  0.00102041510399431 
101.0 0.0009692225139588118  0.0010912513826042414 
102.0 0.00123407575301826  0.0011180349392816424 
103.0 0.001336373738013208  0.0010498430347070098 
104.0 0.0008167591295205057  0.0011494449572637677 
105.0 0.0007506294641643763  0.0009320248500443995 
106.0 0.0015867037000134587  0.0008944168221205473 
107.0 0.0015082734171301126  0.0011322529753670096 
108.0 0.0013829506933689117  0.0009976743021979928 
109.0 0.0012225043028593063  0.0009574927389621735 
110.0 0.0009068517247214913  0.0009255707263946533 
111.0 0.001658047316595912  0.0009139237808994949 
112.0 0.0013247927417978644  0.0011179936118423939 
113.0 0.0015591244446113706  0.0010069120908156037 
114.0 0.001464647939428687  0.0011476160725578666 
115.0 0.0011245108908042312  0.0011776027968153358 
116.0 0.0017924810526892543  0.0010305026080459356 
117.0 0.0008659429149702191  0.0008979713311418891 
118.0 0.0009818363469094038  0.0011053027119487524 
119.0 0.0010037155589088798  0.0009089765371754766 
120.0 0.0014492138288915157  0.0010449975961819291 
121.0 0.0017335135489702225  0.001237336779013276 
122.0 0.0008953590295277536  0.0010160160018131137 
123.0 0.0008290805853903294  0.0008691789698787034 
124.0 0.0006527023506350815  0.0007748787174932659 
125.0 0.0015216380124911666  0.0008911459008231759 
126.0 0.000801633985247463  0.0009194912272505462 
127.0 0.002297767670825124  0.0008268231758847833 
128.0 0.0015589895192533731  0.0008429820300079882 
129.0 0.0018686915282160044  0.0009574095602147281 
130.0 0.001821880228817463  0.0009381845593452454 
131.0 0.0022403111215680838  0.0010352025274187326 
132.0 0.0009100769530050457  0.0010161044774577022 
133.0 0.0010200758697465062  0.0008618399151600897 
134.0 0.0009566291118972003  0.0008140038116835058 
135.0 0.0014180447906255722  0.0008984141168184578 
136.0 0.0009398033726029098  0.0009137282613664865 
137.0 0.0018285391852259636  0.0009198030456900597 
138.0 0.0015936709241941571  0.0009494003024883568 
139.0 0.0017439904622733593  0.000999406911432743 
140.0 0.0007567107677459717  0.0007235772791318595 
141.0 0.0012582995695993304  0.0007841721526347101 
142.0 0.001254497212357819  0.0007890883134678006 
143.0 0.0015615015290677547  0.0007781616877764463 
144.0 0.0008272799313999712  0.000630530237685889 
