0.0 0.04791821911931038  0.11580578237771988 
1.0 0.0346483513712883  0.03808850049972534 
2.0 0.021311799064278603  0.026130935177206993 
3.0 0.017299382016062737  0.01838737726211548 
4.0 0.01658838614821434  0.01574026420712471 
5.0 0.015432855114340782  0.014558365568518639 
6.0 0.013947872444987297  0.013774367980659008 
7.0 0.014035173691809177  0.013167249038815498 
8.0 0.013516855426132679  0.012675456702709198 
9.0 0.012395646423101425  0.012243412435054779 
10.0 0.01212267391383648  0.011791192926466465 
11.0 0.01136218011379242  0.011303957551717758 
12.0 0.011546486988663673  0.010819891467690468 
13.0 0.01083365362137556  0.010394043289124966 
14.0 0.010686688125133514  0.010019044391810894 
15.0 0.00966326892375946  0.009654553607106209 
16.0 0.009954557754099369  0.009318436495959759 
17.0 0.009101766161620617  0.009103024378418922 
18.0 0.008603736758232117  0.008768894709646702 
19.0 0.009329351596534252  0.008546085096895695 
20.0 0.00834933016449213  0.008324259892106056 
21.0 0.009764271788299084  0.00812565628439188 
22.0 0.010652978904545307  0.007888809777796268 
23.0 0.00737730273976922  0.007779656909406185 
24.0 0.00850641168653965  0.007582205347716808 
25.0 0.011263774707913399  0.007513910066336393 
26.0 0.010640705935657024  0.007436968851834536 
27.0 0.006816294975578785  0.007263400591909885 
28.0 0.006407575216144323  0.007057360373437405 
29.0 0.006410246714949608  0.006991397589445114 
30.0 0.00886895228177309  0.006905948743224144 
31.0 0.007201454136520624  0.006932487245649099 
32.0 0.005955217871814966  0.006736445240676403 
33.0 0.00740277674049139  0.006549140904098749 
34.0 0.006273164413869381  0.006439842749387026 
35.0 0.010542330332100391  0.006401049438863993 
36.0 0.005418871529400349  0.006406180560588837 
37.0 0.008301706984639168  0.006384438835084438 
38.0 0.006081392522901297  0.006122376304119825 
39.0 0.006515633314847946  0.006157022435218096 
40.0 0.007743909023702145  0.006212529260665178 
41.0 0.005206461995840073  0.005977089982479811 
42.0 0.006149238906800747  0.005977928172796965 
43.0 0.005329914391040802  0.006125475279986858 
44.0 0.008958907797932625  0.005842447280883789 
45.0 0.004903612192720175  0.005775291007012129 
46.0 0.01013838592916727  0.005911462474614382 
47.0 0.011153985746204853  0.005604267120361328 
48.0 0.005397904198616743  0.00570815009996295 
49.0 0.006640483625233173  0.0056679705157876015 
50.0 0.005759245716035366  0.0054175532422959805 
51.0 0.0060265245847404  0.005510859191417694 
52.0 0.00628201337531209  0.0052766925655305386 
53.0 0.004902012646198273  0.005377855617552996 
54.0 0.011245591565966606  0.005529662594199181 
55.0 0.006835090462118387  0.005255077034235001 
56.0 0.0050688572227954865  0.005895149894058704 
57.0 0.009104673750698566  0.005253574810922146 
58.0 0.004837686661630869  0.005092864390462637 
59.0 0.005924408324062824  0.004805792588740587 
60.0 0.011461138725280762  0.005113149993121624 
61.0 0.004810885060578585  0.005047513172030449 
62.0 0.00693917041644454  0.005028729327023029 
63.0 0.005354745779186487  0.005551100242882967 
64.0 0.0037487465888261795  0.005058491136878729 
65.0 0.004826156888157129  0.00486527755856514 
66.0 0.005414614453911781  0.004765755962580442 
67.0 0.004652800969779491  0.00480740237981081 
68.0 0.005998299457132816  0.005137098953127861 
69.0 0.005456065759062767  0.004603506997227669 
70.0 0.00450614420697093  0.004597817547619343 
71.0 0.0039727152325212955  0.004869990516453981 
72.0 0.011274861171841621  0.004649267066270113 
73.0 0.007896311581134796  0.004833579063415527 
74.0 0.0036604609340429306  0.004463124554604292 
75.0 0.005329180974513292  0.00450008874759078 
76.0 0.00401740288361907  0.004625250119715929 
77.0 0.006464526988565922  0.005056887865066528 
78.0 0.007806586567312479  0.004833603743463755 
79.0 0.0054880366660654545  0.0044223954901099205 
80.0 0.007251097355037928  0.004467685706913471 
81.0 0.004872569348663092  0.004833191633224487 
82.0 0.00366193032823503  0.004558463115245104 
83.0 0.006331807933747768  0.004243830218911171 
84.0 0.006471558008342981  0.0048500350676476955 
85.0 0.0042623053304851055  0.004416406154632568 
86.0 0.0064488607458770275  0.004770440980792046 
87.0 0.004817097447812557  0.004278397653251886 
88.0 0.00728387339040637  0.004560007248073816 
89.0 0.0028022704645991325  0.004175147973001003 
90.0 0.0042923325672745705  0.004724274855107069 
91.0 0.004026269074529409  0.004139185883104801 
92.0 0.0028867183718830347  0.0045180777087807655 
93.0 0.004153615329414606  0.004048669710755348 
94.0 0.0033535691909492016  0.004090847447514534 
95.0 0.006629437208175659  0.004668711218982935 
96.0 0.002856281353160739  0.004059511702507734 
97.0 0.0068703568540513515  0.00430477736517787 
98.0 0.005863115657120943  0.0038626580499112606 
99.0 0.003572318935766816  0.004104322288185358 
100.0 0.0030343777034431696  0.004352160729467869 
101.0 0.005715136416256428  0.0038984373677521944 
102.0 0.002647485351189971  0.004057569429278374 
103.0 0.00566184613853693  0.004371121991425753 
104.0 0.005779261235147715  0.004489294718950987 
105.0 0.00454010209068656  0.004179271869361401 
106.0 0.006441789213567972  0.0035723638720810413 
107.0 0.0025248911697417498  0.004016488324850798 
108.0 0.0036466207820922136  0.004997792653739452 
109.0 0.00412417110055685  0.004219430964440107 
110.0 0.004063357599079609  0.003732646582648158 
111.0 0.005931473802775145  0.00381761253811419 
112.0 0.004597691353410482  0.004293374717235565 
113.0 0.0028488365933299065  0.003952997270971537 
114.0 0.005931166000664234  0.0038281604647636414 
115.0 0.002518506022170186  0.003853962756693363 
116.0 0.005322253331542015  0.004410869441926479 
117.0 0.0025934649165719748  0.00363606633618474 
118.0 0.006405515130609274  0.0042368327267467976 
119.0 0.003941703587770462  0.003958257846534252 
120.0 0.004951121285557747  0.0036117276176810265 
121.0 0.003234126139432192  0.0036449667531996965 
122.0 0.0018842583522200584  0.0035338313318789005 
123.0 0.004645735025405884  0.0035659968852996826 
124.0 0.007602805271744728  0.005180236417800188 
125.0 0.006234211381524801  0.006740576587617397 
126.0 0.0055749318562448025  0.006025400012731552 
127.0 0.005360359326004982  0.0055527775548398495 
128.0 0.004600313492119312  0.005044206976890564 
129.0 0.005846304353326559  0.00478082150220871 
130.0 0.004071441479027271  0.004631594754755497 
131.0 0.005031509790569544  0.004437610041350126 
132.0 0.004919672384858131  0.004196677822619677 
133.0 0.006596418563276529  0.00409975741058588 
134.0 0.005841697566211224  0.003975731786340475 
135.0 0.003442812478169799  0.003785502864047885 
136.0 0.003633019980043173  0.0037593827582895756 
137.0 0.00923106074333191  0.0037167214322835207 
138.0 0.003127038711681962  0.003792230971157551 
139.0 0.010456890799105167  0.0035919686779379845 
140.0 0.003521883860230446  0.0037183379754424095 
141.0 0.00534089794382453  0.0035167867317795753 
142.0 0.004578753840178251  0.003412111895158887 
