1100 6.2411
1099.3 6.2376
1098.6 6.2341
1097.9 6.2306
1097.2 6.227
1096.5 6.2234
1095.8 6.2199
1095.1 6.2163
1094.4 6.2127
1093.7 6.2091
1093 6.2055
1092.3 6.2018
1091.6 6.1982
1090.9 6.1945
1090.2 6.1909
1089.5 6.1872
1088.8 6.1836
1088.1 6.1799
1087.4 6.1762
1086.7 6.1725
1086 6.1688
1085.3 6.1651
1084.6 6.1614
1083.9 6.1576
1083.2 6.1539
1082.5 6.1502
1081.8 6.1464
1081.1 6.1427
1080.4 6.1389
1079.7 6.1351
1079 6.1314
1078.3 6.1276
1077.6 6.1238
1076.8 6.1201
1076.1 6.1163
1075.4 6.1125
1074.7 6.1087
1074 6.1049
1073.3 6.1011
1072.6 6.0973
1071.9 6.0935
1071.2 6.0897
1070.5 6.0859
1069.8 6.0821
1069.1 6.0783
1068.4 6.0745
1067.7 6.0707
1067 6.0669
1066.3 6.0631
1065.6 6.0593
1064.9 6.0555
1064.2 6.0517
1063.5 6.0479
1062.8 6.0441
1062.1 6.0403
1061.4 6.0365
1060.7 6.0327
1060 6.0289
1059.3 6.0251
1058.6 6.0213
1057.9 6.0176
1057.2 6.0138
1056.5 6.01
1055.8 6.0063
1055.1 6.0025
1054.4 5.9988
1053.7 5.995
1053 5.9913
1052.3 5.9875
1051.6 5.9838
1050.9 5.9801
1050.2 5.9764
1049.5 5.9727
1048.8 5.969
1048.1 5.9653
1047.4 5.9616
1046.7 5.958
1046 5.9543
1045.3 5.9507
1044.6 5.947
1043.9 5.9434
1043.2 5.9398
1042.5 5.9362
1041.8 5.9326
1041.1 5.929
1040.4 5.9255
1039.7 5.9219
1039 5.9184
1038.3 5.9148
1037.6 5.9113
1036.9 5.9078
1036.2 5.9043
1035.5 5.9008
1034.8 5.8974
1034.1 5.8939
1033.4 5.8905
1032.7 5.8871
1032 5.8837
1031.3 5.8803
1030.6 5.8769
1029.9 5.8736
1029.2 5.8702
1028.5 5.8669
1027.8 5.8636
1027.1 5.8603
1026.4 5.8571
1025.7 5.8538
1025 5.8506
1024.3 5.8474
1023.6 5.8442
1022.9 5.841
1022.2 5.8379
1021.5 5.8347
1020.8 5.8316
1020.1 5.8285
1019.4 5.8255
1018.7 5.8224
1018 5.8194
1017.3 5.8164
1016.6 5.8134
1015.9 5.8104
1015.2 5.8074
1014.5 5.8045
1013.8 5.8016
1013.1 5.7987
1012.4 5.7959
1011.7 5.793
1011 5.7902
1010.3 5.7874
1009.6 5.7846
1008.9 5.7819
1008.2 5.7792
1007.5 5.7765
1006.8 5.7738
1006.1 5.7711
1005.4 5.7685
1004.7 5.7659
1004 5.7633
1003.3 5.7607
1002.6 5.7582
1001.9 5.7557
1001.2 5.7532
1000.5 5.7508
999.77 5.7483
999.07 5.7459
998.37 5.7435
997.67 5.7412
996.97 5.7388
996.27 5.7365
995.57 5.7342
994.87 5.732
994.17 5.7297
993.47 5.7275
992.77 5.7254
992.07 5.7232
991.37 5.7211
990.67 5.719
989.97 5.7169
989.26 5.7148
988.56 5.7128
987.86 5.7108
987.16 5.7089
986.46 5.7069
985.76 5.705
985.06 5.7031
984.36 5.7012
983.66 5.6994
982.96 5.6976
982.26 5.6958
981.56 5.694
980.86 5.6923
980.16 5.6906
979.45 5.6889
978.75 5.6873
978.05 5.6856
977.35 5.684
976.65 5.6825
975.95 5.6809
975.25 5.6794
974.55 5.6779
973.85 5.6764
973.15 5.675
972.45 5.6736
971.75 5.6722
971.05 5.6708
970.35 5.6695
969.65 5.6682
968.94 5.6669
968.24 5.6656
967.54 5.6644
966.84 5.6632
966.14 5.662
965.44 5.6609
964.74 5.6598
964.04 5.6587
963.34 5.6576
962.64 5.6565
961.94 5.6555
961.24 5.6545
960.54 5.6535
959.84 5.6526
959.14 5.6517
958.43 5.6508
957.73 5.6499
957.03 5.6491
956.33 5.6482
955.63 5.6474
954.93 5.6467
954.23 5.6459
953.53 5.6452
952.83 5.6445
952.13 5.6438
951.43 5.6432
950.73 5.6426
950.03 5.642
949.33 5.6414
948.62 5.6409
947.92 5.6403
947.22 5.6398
946.52 5.6394
945.82 5.6389
945.12 5.6385
944.42 5.6381
943.72 5.6377
943.02 5.6373
942.32 5.637
941.62 5.6367
940.92 5.6364
940.22 5.6361
939.52 5.6359
938.82 5.6356
938.11 5.6354
937.41 5.6352
936.71 5.6351
936.01 5.6349
935.31 5.6348
934.61 5.6347
933.91 5.6347
933.21 5.6346
932.51 5.6346
931.81 5.6346
931.11 5.6346
930.41 5.6346
929.71 5.6347
929.01 5.6348
928.3 5.6348
927.6 5.635
926.9 5.6351
926.2 5.6353
925.5 5.6354
924.8 5.6356
924.1 5.6358
923.4 5.6361
922.7 5.6363
922 5.6366
921.3 5.6369
920.6 5.6372
919.9 5.6375
919.2 5.6379
918.5 5.6383
917.79 5.6386
917.09 5.639
916.39 5.6395
915.69 5.6399
914.99 5.6404
914.29 5.6408
913.59 5.6413
912.89 5.6418
912.19 5.6424
911.49 5.6429
910.79 5.6435
910.09 5.6441
909.39 5.6446
908.69 5.6453
907.99 5.6459
907.28 5.6465
906.58 5.6472
905.88 5.6479
905.18 5.6486
904.48 5.6493
903.78 5.65
903.08 5.6507
902.38 5.6515
901.68 5.6523
900.98 5.6531
900.28 5.6539
899.58 5.6547
898.88 5.6555
898.18 5.6564
897.47 5.6572
896.77 5.6581
896.07 5.659
895.37 5.6599
894.67 5.6608
893.97 5.6617
893.27 5.6627
892.57 5.6636
891.87 5.6646
891.17 5.6656
890.47 5.6666
889.77 5.6676
889.07 5.6686
888.37 5.6697
887.67 5.6707
886.96 5.6718
886.26 5.6729
885.56 5.6739
884.86 5.675
884.16 5.6762
883.46 5.6773
882.76 5.6784
882.06 5.6796
881.36 5.6807
880.66 5.6819
879.96 5.6831
879.26 5.6843
878.56 5.6855
877.86 5.6867
877.16 5.6879
876.45 5.6892
875.75 5.6904
875.05 5.6917
874.35 5.693
873.65 5.6943
872.95 5.6956
872.25 5.6969
871.55 5.6982
870.85 5.6995
870.15 5.7008
869.45 5.7022
868.75 5.7035
868.05 5.7049
867.35 5.7063
866.64 5.7077
865.94 5.7091
865.24 5.7105
864.54 5.7119
863.84 5.7133
863.14 5.7147
862.44 5.7162
861.74 5.7176
861.04 5.7191
860.34 5.7206
859.64 5.722
858.94 5.7235
858.24 5.725
857.54 5.7265
856.84 5.728
856.13 5.7296
855.43 5.7311
854.73 5.7326
854.03 5.7342
853.33 5.7357
852.63 5.7373
851.93 5.7389
851.23 5.7404
850.53 5.742
849.83 5.7436
849.13 5.7452
848.43 5.7468
847.73 5.7484
847.03 5.7501
846.33 5.7517
845.62 5.7533
844.92 5.755
844.22 5.7566
843.52 5.7583
842.82 5.76
842.12 5.7616
841.42 5.7633
840.72 5.765
840.02 5.7667
839.32 5.7684
838.62 5.7701
837.92 5.7718
837.22 5.7735
836.52 5.7753
835.81 5.777
835.11 5.7787
834.41 5.7805
833.71 5.7822
833.01 5.784
832.31 5.7858
831.61 5.7875
830.91 5.7893
830.21 5.7911
829.51 5.7929
828.81 5.7947
828.11 5.7965
827.41 5.7983
826.71 5.8001
826.01 5.8019
825.3 5.8038
824.6 5.8056
823.9 5.8074
823.2 5.8093
822.5 5.8111
821.8 5.813
821.1 5.8148
820.4 5.8167
819.7 5.8186
819 5.8204
818.3 5.8223
817.6 5.8242
816.9 5.8261
816.2 5.828
815.49 5.8299
814.79 5.8318
814.09 5.8337
813.39 5.8356
812.69 5.8375
811.99 5.8395
811.29 5.8414
810.59 5.8433
809.89 5.8453
809.19 5.8472
808.49 5.8492
807.79 5.8511
807.09 5.8531
806.39 5.8551
805.69 5.857
804.98 5.859
804.28 5.861
803.58 5.863
802.88 5.865
802.18 5.867
801.48 5.869
800.78 5.871
800.08 5.873
799.38 5.875
798.68 5.877
797.98 5.879
797.28 5.881
796.58 5.8831
795.88 5.8851
795.18 5.8871
794.47 5.8892
793.77 5.8912
793.07 5.8933
792.37 5.8953
791.67 5.8974
790.97 5.8995
790.27 5.9015
789.57 5.9036
788.87 5.9057
788.17 5.9078
787.47 5.9099
786.77 5.912
786.07 5.9141
785.37 5.9162
784.66 5.9183
783.96 5.9204
783.26 5.9225
782.56 5.9246
781.86 5.9267
781.16 5.9288
780.46 5.931
779.76 5.9331
779.06 5.9352
778.36 5.9374
777.66 5.9395
776.96 5.9417
776.26 5.9438
775.56 5.946
774.86 5.9482
774.15 5.9503
773.45 5.9525
772.75 5.9547
772.05 5.9569
771.35 5.959
770.65 5.9612
769.95 5.9634
769.25 5.9656
768.55 5.9678
767.85 5.97
767.15 5.9722
766.45 5.9744
765.75 5.9767
765.05 5.9789
764.35 5.9811
763.64 5.9833
762.94 5.9856
762.24 5.9878
761.54 5.99
760.84 5.9923
760.14 5.9945
759.44 5.9968
758.74 5.9991
758.04 6.0013
757.34 6.0036
756.64 6.0059
755.94 6.0081
755.24 6.0104
754.54 6.0127
753.83 6.015
753.13 6.0173
752.43 6.0196
751.73 6.0219
751.03 6.0242
750.33 6.0265
749.63 6.0288
748.93 6.0311
748.23 6.0335
747.53 6.0358
746.83 6.0381
746.13 6.0404
745.43 6.0428
744.73 6.0451
744.03 6.0475
743.32 6.0498
742.62 6.0522
741.92 6.0546
741.22 6.0569
740.52 6.0593
739.82 6.0617
739.12 6.0641
738.42 6.0664
737.72 6.0688
737.02 6.0712
736.32 6.0736
735.62 6.076
734.92 6.0785
734.22 6.0809
733.52 6.0833
732.81 6.0857
732.11 6.0881
731.41 6.0906
730.71 6.093
730.01 6.0955
729.31 6.0979
728.61 6.1004
727.91 6.1028
727.21 6.1053
726.51 6.1077
725.81 6.1102
725.11 6.1127
724.41 6.1152
723.71 6.1177
723 6.1202
722.3 6.1227
721.6 6.1252
720.9 6.1277
720.2 6.1302
719.5 6.1327
718.8 6.1352
718.1 6.1378
717.4 6.1403
716.7 6.1428
716 6.1454
715.3 6.1479
714.6 6.1505
713.9 6.153
713.2 6.1556
712.49 6.1582
711.79 6.1608
711.09 6.1634
710.39 6.1659
709.69 6.1685
708.99 6.1711
708.29 6.1737
707.59 6.1764
706.89 6.179
706.19 6.1816
705.49 6.1842
704.79 6.1869
704.09 6.1895
703.39 6.1922
702.69 6.1948
701.98 6.1975
701.28 6.2002
700.58 6.2028
699.88 6.2055
699.18 6.2082
698.48 6.2109
697.78 6.2136
697.08 6.2163
696.38 6.219
695.68 6.2217
694.98 6.2244
694.28 6.2272
693.58 6.2299
692.88 6.2327
692.17 6.2354
691.47 6.2382
690.77 6.2409
690.07 6.2437
689.37 6.2465
688.67 6.2493
687.97 6.2521
687.27 6.2549
686.57 6.2577
685.87 6.2605
685.17 6.2633
684.47 6.2661
683.77 6.269
683.07 6.2718
682.37 6.2747
681.66 6.2775
680.96 6.2804
680.26 6.2832
679.56 6.2861
678.86 6.289
678.16 6.2919
677.46 6.2948
676.76 6.2977
676.06 6.3006
675.36 6.3036
674.66 6.3065
673.96 6.3094
673.26 6.3124
672.56 6.3154
671.85 6.3183
671.15 6.3213
670.45 6.3243
669.75 6.3273
669.05 6.3303
668.35 6.3333
667.65 6.3363
666.95 6.3393
666.25 6.3424
665.55 6.3454
664.85 6.3485
664.15 6.3515
663.45 6.3546
662.75 6.3577
662.05 6.3608
661.34 6.3638
660.64 6.367
659.94 6.3701
659.24 6.3732
658.54 6.3763
657.84 6.3795
657.14 6.3826
656.44 6.3858
655.74 6.389
655.04 6.3921
654.34 6.3953
653.64 6.3985
652.94 6.4018
652.24 6.405
651.54 6.4082
650.83 6.4115
650.13 6.4147
649.43 6.418
648.73 6.4212
648.03 6.4245
647.33 6.4278
646.63 6.4311
645.93 6.4344
645.23 6.4378
644.53 6.4411
643.83 6.4445
643.13 6.4478
642.43 6.4512
641.73 6.4546
641.02 6.458
640.32 6.4614
639.62 6.4648
638.92 6.4682
638.22 6.4717
637.52 6.4751
636.82 6.4786
636.12 6.4821
635.42 6.4855
634.72 6.489
634.02 6.4926
633.32 6.4961
632.62 6.4996
631.92 6.5032
631.22 6.5067
630.51 6.5103
629.81 6.5139
629.11 6.5175
628.41 6.5211
627.71 6.5247
627.01 6.5284
626.31 6.532
625.61 6.5357
624.91 6.5394
624.21 6.5431
623.51 6.5468
622.81 6.5505
622.11 6.5543
621.41 6.558
620.71 6.5618
620 6.5656
619.3 6.5693
618.6 6.5732
617.9 6.577
617.2 6.5808
616.5 6.5847
615.8 6.5885
615.1 6.5924
614.4 6.5963
613.7 6.6002
613 6.6042
612.3 6.6081
611.6 6.6121
610.9 6.6161
610.19 6.62
609.49 6.6241
608.79 6.6281
608.09 6.6321
607.39 6.6362
606.69 6.6403
605.99 6.6444
605.29 6.6485
604.59 6.6526
603.89 6.6567
603.19 6.6609
602.49 6.6651
601.79 6.6693
601.09 6.6735
600.39 6.6777
599.68 6.682
598.98 6.6862
598.28 6.6905
597.58 6.6948
596.88 6.6992
596.18 6.7035
595.48 6.7079
594.78 6.7123
594.08 6.7167
593.38 6.7211
592.68 6.7255
591.98 6.73
591.28 6.7345
590.58 6.739
589.88 6.7435
589.17 6.748
588.47 6.7526
587.77 6.7572
587.07 6.7618
586.37 6.7664
585.67 6.7711
584.97 6.7757
584.27 6.7804
583.57 6.7851
582.87 6.7899
582.17 6.7946
581.47 6.7994
580.77 6.8042
580.07 6.809
579.36 6.8139
578.66 6.8188
577.96 6.8237
577.26 6.8286
576.56 6.8335
575.86 6.8385
575.16 6.8435
574.46 6.8485
573.76 6.8536
573.06 6.8586
572.36 6.8637
571.66 6.8688
570.96 6.874
570.26 6.8792
569.56 6.8844
568.85 6.8896
568.15 6.8948
567.45 6.9001
566.75 6.9054
566.05 6.9108
565.35 6.9161
564.65 6.9215
563.95 6.9269
563.25 6.9324
562.55 6.9379
561.85 6.9434
561.15 6.9489
560.45 6.9545
559.75 6.9601
559.04 6.9657
558.34 6.9713
557.64 6.977
556.94 6.9827
556.24 6.9885
555.54 6.9943
554.84 7.0001
554.14 7.0059
553.44 7.0118
552.74 7.0177
552.04 7.0236
551.34 7.0296
550.64 7.0356
549.94 7.0417
549.24 7.0477
548.53 7.0539
547.83 7.06
547.13 7.0662
546.43 7.0724
545.73 7.0787
545.03 7.085
544.33 7.0913
543.63 7.0977
542.93 7.1041
542.23 7.1105
541.53 7.117
540.83 7.1235
540.13 7.13
539.43 7.1366
538.73 7.1433
538.02 7.15
537.32 7.1567
536.62 7.1634
535.92 7.1702
535.22 7.1771
534.52 7.184
533.82 7.1909
533.12 7.1979
532.42 7.2049
531.72 7.2119
531.02 7.219
530.32 7.2262
529.62 7.2334
528.92 7.2406
528.21 7.2479
527.51 7.2552
526.81 7.2626
526.11 7.27
525.41 7.2775
524.71 7.285
524.01 7.2926
523.31 7.3002
522.61 7.3079
521.91 7.3156
521.21 7.3234
520.51 7.3312
519.81 7.3391
519.11 7.3471
518.41 7.355
517.7 7.3631
517 7.3712
516.3 7.3793
515.6 7.3875
514.9 7.3958
514.2 7.4041
513.5 7.4125
512.8 7.421
512.1 7.4295
511.4 7.438
510.7 7.4466
510 7.4553
509.3 7.4641
508.6 7.4729
507.9 7.4817
507.19 7.4907
506.49 7.4997
505.79 7.5087
505.09 7.5179
504.39 7.5271
503.69 7.5363
502.99 7.5457
502.29 7.5551
501.59 7.5646
500.89 7.5741
500.19 7.5837
499.49 7.5934
498.79 7.6032
498.09 7.613
497.38 7.6229
496.68 7.6329
495.98 7.643
495.28 7.6532
494.58 7.6634
493.88 7.6737
493.18 7.6841
492.48 7.6946
491.78 7.7051
491.08 7.7157
490.38 7.7265
489.68 7.7373
488.98 7.7482
488.28 7.7592
487.58 7.7702
486.87 7.7814
486.17 7.7927
485.47 7.804
484.77 7.8155
484.07 7.827
483.37 7.8386
482.67 7.8504
481.97 7.8622
481.27 7.8742
480.57 7.8862
479.87 7.8983
479.17 7.9106
478.47 7.9229
477.77 7.9354
477.07 7.948
476.36 7.9606
475.66 7.9734
474.96 7.9863
474.26 7.9993
473.56 8.0125
472.86 8.0257
472.16 8.0391
471.46 8.0526
470.76 8.0662
470.06 8.0799
469.36 8.0938
468.66 8.1078
467.96 8.1219
467.26 8.1362
466.55 8.1506
465.85 8.1651
465.15 8.1797
464.45 8.1945
463.75 8.2095
463.05 8.2246
462.35 8.2398
461.65 8.2552
460.95 8.2707
460.25 8.2864
459.55 8.3022
458.85 8.3182
458.15 8.3343
457.45 8.3507
456.75 8.3671
456.04 8.3838
455.34 8.4006
454.64 8.4175
453.94 8.4347
453.24 8.452
452.54 8.4695
451.84 8.4872
451.14 8.5051
450.44 8.5232
449.74 8.5414
449.04 8.5599
448.34 8.5785
447.64 8.5973
446.94 8.6164
446.24 8.6356
445.53 8.6551
444.83 8.6748
444.13 8.6947
443.43 8.7148
442.73 8.7351
442.03 8.7557
441.33 8.7765
440.63 8.7975
439.93 8.8188
439.23 8.8403
438.53 8.8621
437.83 8.8841
437.13 8.9064
436.43 8.9289
435.72 8.9517
435.02 8.9748
434.32 8.9981
433.62 9.0217
432.92 9.0456
432.22 9.0698
431.52 9.0943
430.82 9.1191
430.12 9.1442
429.42 9.1696
428.72 9.1954
428.02 9.2214
427.32 9.2478
426.62 9.2745
425.92 9.3016
425.21 9.329
424.51 9.3568
423.81 9.3849
423.11 9.4134
422.41 9.4423
421.71 9.4715
421.01 9.5012
420.31 9.5312
419.61 9.5617
418.91 9.5925
418.21 9.6238
417.51 9.6555
416.81 9.6877
416.11 9.7203
415.4 9.7534
414.7 9.7869
414 9.821
413.3 9.8555
412.6 9.8905
411.9 9.926
411.2 9.962
410.5 9.9986
409.8 10.036
409.1 10.073
408.4 10.112
407.7 10.15
407 10.19
406.3 10.23
405.6 10.271
404.89 10.312
404.19 10.354
403.49 10.396
402.79 10.44
402.09 10.484
401.39 10.528
400.69 10.574
399.99 10.62
