1100 0.0055116
1099.3 0.0055011
1098.6 0.0054906
1097.9 0.0054801
1097.2 0.0054696
1096.5 0.0054591
1095.8 0.0054487
1095.1 0.0054382
1094.4 0.0054278
1093.7 0.0054174
1093 0.005407
1092.3 0.0053966
1091.6 0.0053862
1090.9 0.0053759
1090.2 0.0053655
1089.5 0.0053552
1088.8 0.0053448
1088.1 0.0053345
1087.4 0.0053242
1086.7 0.005314
1086 0.0053037
1085.3 0.0052934
1084.6 0.0052832
1083.9 0.005273
1083.2 0.0052627
1082.5 0.0052525
1081.8 0.0052424
1081.1 0.0052322
1080.4 0.005222
1079.7 0.0052119
1079 0.0052017
1078.3 0.0051916
1077.6 0.0051815
1076.8 0.0051714
1076.1 0.0051613
1075.4 0.0051512
1074.7 0.0051412
1074 0.0051311
1073.3 0.0051211
1072.6 0.0051111
1071.9 0.0051011
1071.2 0.0050911
1070.5 0.0050811
1069.8 0.0050711
1069.1 0.0050612
1068.4 0.0050512
1067.7 0.0050413
1067 0.0050314
1066.3 0.0050215
1065.6 0.0050116
1064.9 0.0050017
1064.2 0.0049919
1063.5 0.004982
1062.8 0.0049722
1062.1 0.0049623
1061.4 0.0049525
1060.7 0.0049427
1060 0.004933
1059.3 0.0049232
1058.6 0.0049134
1057.9 0.0049037
1057.2 0.0048939
1056.5 0.0048842
1055.8 0.0048745
1055.1 0.0048648
1054.4 0.0048551
1053.7 0.0048455
1053 0.0048358
1052.3 0.0048262
1051.6 0.0048165
1050.9 0.0048069
1050.2 0.0047973
1049.5 0.0047877
1048.8 0.0047781
1048.1 0.0047686
1047.4 0.004759
1046.7 0.0047495
1046 0.0047399
1045.3 0.0047304
1044.6 0.0047209
1043.9 0.0047114
1043.2 0.004702
1042.5 0.0046925
1041.8 0.004683
1041.1 0.0046736
1040.4 0.0046642
1039.7 0.0046548
1039 0.0046454
1038.3 0.004636
1037.6 0.0046266
1036.9 0.0046172
1036.2 0.0046079
1035.5 0.0045985
1034.8 0.0045892
1034.1 0.0045799
1033.4 0.0045706
1032.7 0.0045613
1032 0.004552
1031.3 0.0045428
1030.6 0.0045335
1029.9 0.0045243
1029.2 0.0045151
1028.5 0.0045058
1027.8 0.0044966
1027.1 0.0044875
1026.4 0.0044783
1025.7 0.0044691
1025 0.00446
1024.3 0.0044508
1023.6 0.0044417
1022.9 0.0044326
1022.2 0.0044235
1021.5 0.0044144
1020.8 0.0044053
1020.1 0.0043963
1019.4 0.0043872
1018.7 0.0043782
1018 0.0043692
1017.3 0.0043601
1016.6 0.0043511
1015.9 0.0043421
1015.2 0.0043332
1014.5 0.0043242
1013.8 0.0043153
1013.1 0.0043063
1012.4 0.0042974
1011.7 0.0042885
1011 0.0042796
1010.3 0.0042707
1009.6 0.0042618
1008.9 0.0042529
1008.2 0.0042441
1007.5 0.0042353
1006.8 0.0042264
1006.1 0.0042176
1005.4 0.0042088
1004.7 0.0042
1004 0.0041912
1003.3 0.0041825
1002.6 0.0041737
1001.9 0.004165
1001.2 0.0041562
1000.5 0.0041475
999.77 0.0041388
999.07 0.0041301
998.37 0.0041214
997.67 0.0041128
996.97 0.0041041
996.27 0.0040955
995.57 0.0040868
994.87 0.0040782
994.17 0.0040696
993.47 0.004061
992.77 0.0040524
992.07 0.0040439
991.37 0.0040353
990.67 0.0040267
989.97 0.0040182
989.26 0.0040097
988.56 0.0040012
987.86 0.0039927
987.16 0.0039842
986.46 0.0039757
985.76 0.0039673
985.06 0.0039588
984.36 0.0039504
983.66 0.0039419
982.96 0.0039335
982.26 0.0039251
981.56 0.0039167
980.86 0.0039083
980.16 0.0039
979.45 0.0038916
978.75 0.0038833
978.05 0.0038749
977.35 0.0038666
976.65 0.0038583
975.95 0.00385
975.25 0.0038417
974.55 0.0038335
973.85 0.0038252
973.15 0.003817
972.45 0.0038087
971.75 0.0038005
971.05 0.0037923
970.35 0.0037841
969.65 0.0037759
968.94 0.0037677
968.24 0.0037595
967.54 0.0037514
966.84 0.0037432
966.14 0.0037351
965.44 0.003727
964.74 0.0037189
964.04 0.0037108
963.34 0.0037027
962.64 0.0036946
961.94 0.0036866
961.24 0.0036785
960.54 0.0036705
959.84 0.0036625
959.14 0.0036545
958.43 0.0036465
957.73 0.0036385
957.03 0.0036305
956.33 0.0036225
955.63 0.0036146
954.93 0.0036066
954.23 0.0035987
953.53 0.0035908
952.83 0.0035829
952.13 0.003575
951.43 0.0035671
950.73 0.0035592
950.03 0.0035514
949.33 0.0035435
948.62 0.0035357
947.92 0.0035278
947.22 0.00352
946.52 0.0035122
945.82 0.0035044
945.12 0.0034966
944.42 0.0034889
943.72 0.0034811
943.02 0.0034734
942.32 0.0034656
941.62 0.0034579
940.92 0.0034502
940.22 0.0034425
939.52 0.0034348
938.82 0.0034271
938.11 0.0034195
937.41 0.0034118
936.71 0.0034042
936.01 0.0033965
935.31 0.0033889
934.61 0.0033813
933.91 0.0033737
933.21 0.0033661
932.51 0.0033586
931.81 0.003351
931.11 0.0033434
930.41 0.0033359
929.71 0.0033284
929.01 0.0033208
928.3 0.0033133
927.6 0.0033058
926.9 0.0032984
926.2 0.0032909
925.5 0.0032834
924.8 0.003276
924.1 0.0032685
923.4 0.0032611
922.7 0.0032537
922 0.0032463
921.3 0.0032389
920.6 0.0032315
919.9 0.0032241
919.2 0.0032168
918.5 0.0032094
917.79 0.0032021
917.09 0.0031948
916.39 0.0031875
915.69 0.0031802
914.99 0.0031729
914.29 0.0031656
913.59 0.0031583
912.89 0.003151
912.19 0.0031438
911.49 0.0031366
910.79 0.0031293
910.09 0.0031221
909.39 0.0031149
908.69 0.0031077
907.99 0.0031005
907.28 0.0030934
906.58 0.0030862
905.88 0.0030791
905.18 0.0030719
904.48 0.0030648
903.78 0.0030577
903.08 0.0030506
902.38 0.0030435
901.68 0.0030364
900.98 0.0030293
900.28 0.0030223
899.58 0.0030152
898.88 0.0030082
898.18 0.0030012
897.47 0.0029941
896.77 0.0029871
896.07 0.0029801
895.37 0.0029731
894.67 0.0029662
893.97 0.0029592
893.27 0.0029523
892.57 0.0029453
891.87 0.0029384
891.17 0.0029315
890.47 0.0029246
889.77 0.0029177
889.07 0.0029108
888.37 0.0029039
887.67 0.002897
886.96 0.0028902
886.26 0.0028833
885.56 0.0028765
884.86 0.0028697
884.16 0.0028629
883.46 0.0028561
882.76 0.0028493
882.06 0.0028425
881.36 0.0028358
880.66 0.002829
879.96 0.0028222
879.26 0.0028155
878.56 0.0028088
877.86 0.0028021
877.16 0.0027954
876.45 0.0027887
875.75 0.002782
875.05 0.0027753
874.35 0.0027687
873.65 0.002762
872.95 0.0027554
872.25 0.0027488
871.55 0.0027421
870.85 0.0027355
870.15 0.0027289
869.45 0.0027223
868.75 0.0027158
868.05 0.0027092
867.35 0.0027027
866.64 0.0026961
865.94 0.0026896
865.24 0.0026831
864.54 0.0026765
863.84 0.00267
863.14 0.0026635
862.44 0.0026571
861.74 0.0026506
861.04 0.0026441
860.34 0.0026377
859.64 0.0026313
858.94 0.0026248
858.24 0.0026184
857.54 0.002612
856.84 0.0026056
856.13 0.0025992
855.43 0.0025928
854.73 0.0025865
854.03 0.0025801
853.33 0.0025738
852.63 0.0025674
851.93 0.0025611
851.23 0.0025548
850.53 0.0025485
849.83 0.0025422
849.13 0.0025359
848.43 0.0025297
847.73 0.0025234
847.03 0.0025172
846.33 0.0025109
845.62 0.0025047
844.92 0.0024985
844.22 0.0024923
843.52 0.0024861
842.82 0.0024799
842.12 0.0024737
841.42 0.0024675
840.72 0.0024614
840.02 0.0024552
839.32 0.0024491
838.62 0.0024429
837.92 0.0024368
837.22 0.0024307
836.52 0.0024246
835.81 0.0024185
835.11 0.0024125
834.41 0.0024064
833.71 0.0024003
833.01 0.0023943
832.31 0.0023883
831.61 0.0023822
830.91 0.0023762
830.21 0.0023702
829.51 0.0023642
828.81 0.0023582
828.11 0.0023523
827.41 0.0023463
826.71 0.0023403
826.01 0.0023344
825.3 0.0023285
824.6 0.0023225
823.9 0.0023166
823.2 0.0023107
822.5 0.0023048
821.8 0.0022989
821.1 0.0022931
820.4 0.0022872
819.7 0.0022813
819 0.0022755
818.3 0.0022697
817.6 0.0022638
816.9 0.002258
816.2 0.0022522
815.49 0.0022464
814.79 0.0022406
814.09 0.0022349
813.39 0.0022291
812.69 0.0022234
811.99 0.0022176
811.29 0.0022119
810.59 0.0022061
809.89 0.0022004
809.19 0.0021947
808.49 0.002189
807.79 0.0021833
807.09 0.0021777
806.39 0.002172
805.69 0.0021663
804.98 0.0021607
804.28 0.0021551
803.58 0.0021494
802.88 0.0021438
802.18 0.0021382
801.48 0.0021326
800.78 0.002127
800.08 0.0021215
799.38 0.0021159
798.68 0.0021103
797.98 0.0021048
797.28 0.0020992
796.58 0.0020937
795.88 0.0020882
795.18 0.0020827
794.47 0.0020772
793.77 0.0020717
793.07 0.0020662
792.37 0.0020607
791.67 0.0020553
790.97 0.0020498
790.27 0.0020444
789.57 0.002039
788.87 0.0020335
788.17 0.0020281
787.47 0.0020227
786.77 0.0020173
786.07 0.0020119
785.37 0.0020066
784.66 0.0020012
783.96 0.0019958
783.26 0.0019905
782.56 0.0019852
781.86 0.0019798
781.16 0.0019745
780.46 0.0019692
779.76 0.0019639
779.06 0.0019586
778.36 0.0019533
777.66 0.0019481
776.96 0.0019428
776.26 0.0019376
775.56 0.0019323
774.86 0.0019271
774.15 0.0019219
773.45 0.0019167
772.75 0.0019115
772.05 0.0019063
771.35 0.0019011
770.65 0.0018959
769.95 0.0018907
769.25 0.0018856
768.55 0.0018804
767.85 0.0018753
767.15 0.0018702
766.45 0.001865
765.75 0.0018599
765.05 0.0018548
764.35 0.0018497
763.64 0.0018447
762.94 0.0018396
762.24 0.0018345
761.54 0.0018295
760.84 0.0018244
760.14 0.0018194
759.44 0.0018144
758.74 0.0018094
758.04 0.0018043
757.34 0.0017993
756.64 0.0017944
755.94 0.0017894
755.24 0.0017844
754.54 0.0017794
753.83 0.0017745
753.13 0.0017696
752.43 0.0017646
751.73 0.0017597
751.03 0.0017548
750.33 0.0017499
749.63 0.001745
748.93 0.0017401
748.23 0.0017352
747.53 0.0017303
746.83 0.0017255
746.13 0.0017206
745.43 0.0017158
744.73 0.001711
744.03 0.0017061
743.32 0.0017013
742.62 0.0016965
741.92 0.0016917
741.22 0.0016869
740.52 0.0016821
739.82 0.0016774
739.12 0.0016726
738.42 0.0016679
737.72 0.0016631
737.02 0.0016584
736.32 0.0016537
735.62 0.0016489
734.92 0.0016442
734.22 0.0016395
733.52 0.0016349
732.81 0.0016302
732.11 0.0016255
731.41 0.0016208
730.71 0.0016162
730.01 0.0016115
729.31 0.0016069
728.61 0.0016023
727.91 0.0015977
727.21 0.0015931
726.51 0.0015885
725.81 0.0015839
725.11 0.0015793
724.41 0.0015747
723.71 0.0015701
723 0.0015656
722.3 0.001561
721.6 0.0015565
720.9 0.001552
720.2 0.0015475
719.5 0.0015429
718.8 0.0015384
718.1 0.0015339
717.4 0.0015295
716.7 0.001525
716 0.0015205
715.3 0.0015161
714.6 0.0015116
713.9 0.0015072
713.2 0.0015027
712.49 0.0014983
711.79 0.0014939
711.09 0.0014895
710.39 0.0014851
709.69 0.0014807
708.99 0.0014763
708.29 0.0014719
707.59 0.0014676
706.89 0.0014632
706.19 0.0014589
705.49 0.0014545
704.79 0.0014502
704.09 0.0014459
703.39 0.0014416
702.69 0.0014373
701.98 0.001433
701.28 0.0014287
700.58 0.0014244
699.88 0.0014202
699.18 0.0014159
698.48 0.0014116
697.78 0.0014074
697.08 0.0014032
696.38 0.0013989
695.68 0.0013947
694.98 0.0013905
694.28 0.0013863
693.58 0.0013821
692.88 0.0013779
692.17 0.0013738
691.47 0.0013696
690.77 0.0013654
690.07 0.0013613
689.37 0.0013571
688.67 0.001353
687.97 0.0013489
687.27 0.0013448
686.57 0.0013407
685.87 0.0013366
685.17 0.0013325
684.47 0.0013284
683.77 0.0013243
683.07 0.0013202
682.37 0.0013162
681.66 0.0013121
680.96 0.0013081
680.26 0.0013041
679.56 0.0013
678.86 0.001296
678.16 0.001292
677.46 0.001288
676.76 0.001284
676.06 0.00128
675.36 0.0012761
674.66 0.0012721
673.96 0.0012681
673.26 0.0012642
672.56 0.0012602
671.85 0.0012563
671.15 0.0012524
670.45 0.0012485
669.75 0.0012445
669.05 0.0012406
668.35 0.0012368
667.65 0.0012329
666.95 0.001229
666.25 0.0012251
665.55 0.0012213
664.85 0.0012174
664.15 0.0012136
663.45 0.0012097
662.75 0.0012059
662.05 0.0012021
661.34 0.0011983
660.64 0.0011945
659.94 0.0011907
659.24 0.0011869
658.54 0.0011831
657.84 0.0011793
657.14 0.0011756
656.44 0.0011718
655.74 0.0011681
655.04 0.0011643
654.34 0.0011606
653.64 0.0011569
652.94 0.0011531
652.24 0.0011494
651.54 0.0011457
650.83 0.001142
650.13 0.0011384
649.43 0.0011347
648.73 0.001131
648.03 0.0011274
647.33 0.0011237
646.63 0.0011201
645.93 0.0011164
645.23 0.0011128
644.53 0.0011092
643.83 0.0011056
643.13 0.001102
642.43 0.0010984
641.73 0.0010948
641.02 0.0010912
640.32 0.0010876
639.62 0.001084
638.92 0.0010805
638.22 0.0010769
637.52 0.0010734
636.82 0.0010699
636.12 0.0010663
635.42 0.0010628
634.72 0.0010593
634.02 0.0010558
633.32 0.0010523
632.62 0.0010488
631.92 0.0010453
631.22 0.0010419
630.51 0.0010384
629.81 0.0010349
629.11 0.0010315
628.41 0.001028
627.71 0.0010246
627.01 0.0010212
626.31 0.0010178
625.61 0.0010144
624.91 0.0010109
624.21 0.0010076
623.51 0.0010042
622.81 0.0010008
622.11 0.00099741
621.41 0.00099404
620.71 0.00099068
620 0.00098733
619.3 0.00098399
618.6 0.00098065
617.9 0.00097732
617.2 0.000974
616.5 0.00097069
615.8 0.00096738
615.1 0.00096409
614.4 0.0009608
613.7 0.00095751
613 0.00095424
612.3 0.00095097
611.6 0.00094771
610.9 0.00094446
610.19 0.00094121
609.49 0.00093797
608.79 0.00093474
608.09 0.00093152
607.39 0.0009283
606.69 0.00092509
605.99 0.00092189
605.29 0.0009187
604.59 0.00091551
603.89 0.00091233
603.19 0.00090916
602.49 0.000906
601.79 0.00090284
601.09 0.00089969
600.39 0.00089655
599.68 0.00089341
598.98 0.00089028
598.28 0.00088716
597.58 0.00088405
596.88 0.00088094
596.18 0.00087785
595.48 0.00087476
594.78 0.00087167
594.08 0.00086859
593.38 0.00086553
592.68 0.00086246
591.98 0.00085941
591.28 0.00085636
590.58 0.00085332
589.88 0.00085029
589.17 0.00084726
588.47 0.00084424
587.77 0.00084123
587.07 0.00083822
586.37 0.00083523
585.67 0.00083224
584.97 0.00082925
584.27 0.00082628
583.57 0.00082331
582.87 0.00082035
582.17 0.00081739
581.47 0.00081444
580.77 0.0008115
580.07 0.00080857
579.36 0.00080564
578.66 0.00080273
577.96 0.00079981
577.26 0.00079691
576.56 0.00079401
575.86 0.00079112
575.16 0.00078823
574.46 0.00078536
573.76 0.00078249
573.06 0.00077962
572.36 0.00077677
571.66 0.00077392
570.96 0.00077108
570.26 0.00076824
569.56 0.00076541
568.85 0.00076259
568.15 0.00075978
567.45 0.00075697
566.75 0.00075417
566.05 0.00075138
565.35 0.00074859
564.65 0.00074581
563.95 0.00074304
563.25 0.00074027
562.55 0.00073751
561.85 0.00073476
561.15 0.00073202
560.45 0.00072928
559.75 0.00072655
559.04 0.00072382
558.34 0.0007211
557.64 0.00071839
556.94 0.00071569
556.24 0.00071299
555.54 0.0007103
554.84 0.00070762
554.14 0.00070494
553.44 0.00070227
552.74 0.0006996
552.04 0.00069695
551.34 0.0006943
550.64 0.00069165
549.94 0.00068902
549.24 0.00068639
548.53 0.00068376
547.83 0.00068115
547.13 0.00067854
546.43 0.00067593
545.73 0.00067334
545.03 0.00067075
544.33 0.00066816
543.63 0.00066559
542.93 0.00066302
542.23 0.00066045
541.53 0.0006579
540.83 0.00065535
540.13 0.0006528
539.43 0.00065027
538.73 0.00064773
538.02 0.00064521
537.32 0.00064269
536.62 0.00064018
535.92 0.00063768
535.22 0.00063518
534.52 0.00063269
533.82 0.0006302
533.12 0.00062773
532.42 0.00062525
531.72 0.00062279
531.02 0.00062033
530.32 0.00061788
529.62 0.00061543
528.92 0.00061299
528.21 0.00061056
527.51 0.00060813
526.81 0.00060571
526.11 0.0006033
525.41 0.00060089
524.71 0.00059849
524.01 0.0005961
523.31 0.00059371
522.61 0.00059133
521.91 0.00058896
521.21 0.00058659
520.51 0.00058422
519.81 0.00058187
519.11 0.00057952
518.41 0.00057717
517.7 0.00057484
517 0.00057251
516.3 0.00057018
515.6 0.00056786
514.9 0.00056555
514.2 0.00056325
513.5 0.00056095
512.8 0.00055866
512.1 0.00055637
511.4 0.00055409
510.7 0.00055181
510 0.00054955
509.3 0.00054728
508.6 0.00054503
507.9 0.00054278
507.19 0.00054054
506.49 0.0005383
505.79 0.00053607
505.09 0.00053384
504.39 0.00053162
503.69 0.00052941
502.99 0.00052721
502.29 0.00052501
501.59 0.00052281
500.89 0.00052062
500.19 0.00051844
499.49 0.00051627
498.79 0.0005141
498.09 0.00051193
497.38 0.00050978
496.68 0.00050763
495.98 0.00050548
495.28 0.00050334
494.58 0.00050121
493.88 0.00049908
493.18 0.00049696
492.48 0.00049485
491.78 0.00049274
491.08 0.00049063
490.38 0.00048854
489.68 0.00048645
488.98 0.00048436
488.28 0.00048228
487.58 0.00048021
486.87 0.00047814
486.17 0.00047608
485.47 0.00047402
484.77 0.00047198
484.07 0.00046993
483.37 0.00046789
482.67 0.00046586
481.97 0.00046384
481.27 0.00046182
480.57 0.0004598
479.87 0.00045779
479.17 0.00045579
478.47 0.0004538
477.77 0.00045181
477.07 0.00044982
476.36 0.00044784
475.66 0.00044587
474.96 0.0004439
474.26 0.00044194
473.56 0.00043998
472.86 0.00043803
472.16 0.00043609
471.46 0.00043415
470.76 0.00043222
470.06 0.00043029
469.36 0.00042837
468.66 0.00042645
467.96 0.00042454
467.26 0.00042264
466.55 0.00042074
465.85 0.00041885
465.15 0.00041696
464.45 0.00041508
463.75 0.00041321
463.05 0.00041134
462.35 0.00040947
461.65 0.00040761
460.95 0.00040576
460.25 0.00040391
459.55 0.00040207
458.85 0.00040023
458.15 0.0003984
457.45 0.00039658
456.75 0.00039476
456.04 0.00039294
455.34 0.00039114
454.64 0.00038933
453.94 0.00038754
453.24 0.00038574
452.54 0.00038396
451.84 0.00038218
451.14 0.0003804
450.44 0.00037863
449.74 0.00037687
449.04 0.00037511
448.34 0.00037336
447.64 0.00037161
446.94 0.00036987
446.24 0.00036813
445.53 0.0003664
444.83 0.00036467
444.13 0.00036295
443.43 0.00036124
442.73 0.00035953
442.03 0.00035782
441.33 0.00035613
440.63 0.00035443
439.93 0.00035274
439.23 0.00035106
438.53 0.00034938
437.83 0.00034771
437.13 0.00034605
436.43 0.00034438
435.72 0.00034273
435.02 0.00034108
434.32 0.00033943
433.62 0.00033779
432.92 0.00033616
432.22 0.00033453
431.52 0.0003329
430.82 0.00033128
430.12 0.00032967
429.42 0.00032806
428.72 0.00032646
428.02 0.00032486
427.32 0.00032327
426.62 0.00032168
425.92 0.0003201
425.21 0.00031852
424.51 0.00031695
423.81 0.00031538
423.11 0.00031382
422.41 0.00031226
421.71 0.00031071
421.01 0.00030917
420.31 0.00030763
419.61 0.00030609
418.91 0.00030456
418.21 0.00030303
417.51 0.00030151
416.81 0.0003
416.11 0.00029849
415.4 0.00029698
414.7 0.00029548
414 0.00029399
413.3 0.0002925
412.6 0.00029101
411.9 0.00028953
411.2 0.00028806
410.5 0.00028659
409.8 0.00028512
409.1 0.00028366
408.4 0.00028221
407.7 0.00028076
407 0.00027931
406.3 0.00027787
405.6 0.00027644
404.89 0.00027501
404.19 0.00027358
403.49 0.00027216
402.79 0.00027075
402.09 0.00026934
401.39 0.00026793
400.69 0.00026653
399.99 0.00026513
