0.0 0.021610599011182785  0.06213683634996414 
1.0 0.012772551737725735  0.014782299287617207 
2.0 0.01610252447426319  0.008381448686122894 
3.0 0.010778870433568954  0.006201330106705427 
4.0 0.011905101127922535  0.005101120099425316 
5.0 0.008387329056859016  0.004419611766934395 
6.0 0.0036784743424504995  0.003983761183917522 
7.0 0.00442701717838645  0.003654064843431115 
8.0 0.0038588140159845352  0.003361054230481386 
9.0 0.003358252113685012  0.0031832181848585606 
10.0 0.0037251131143420935  0.002988482126966119 
11.0 0.002822638489305973  0.0028557810001075268 
12.0 0.0029454706236720085  0.002710167318582535 
13.0 0.0032589915208518505  0.0026033991016447544 
14.0 0.002942913444712758  0.002509484998881817 
15.0 0.002763286465778947  0.002416785806417465 
16.0 0.002767242956906557  0.002343296306207776 
17.0 0.004242176190018654  0.0022564155515283346 
18.0 0.0029295950662344694  0.002204504329711199 
19.0 0.0027857429813593626  0.00213296664878726 
20.0 0.0034055535215884447  0.0020734681747853756 
21.0 0.002553238533437252  0.002016863552853465 
22.0 0.0034559720661491156  0.001963267335668206 
23.0 0.002355799777433276  0.0019139593932777643 
24.0 0.0022333506494760513  0.0018643437651917338 
25.0 0.0022012200206518173  0.0018226777901872993 
26.0 0.0023252503015100956  0.001782314502634108 
27.0 0.0018192081479355693  0.001737993210554123 
28.0 0.0017675572307780385  0.0017054954078048468 
29.0 0.0016551377484574914  0.0016726424219086766 
30.0 0.0016646968433633447  0.0016353616956621408 
31.0 0.0016156546771526337  0.0016050728736445308 
32.0 0.0015712999738752842  0.0015645456733182073 
33.0 0.001897319103591144  0.0015304738190025091 
34.0 0.002056449418887496  0.001493516145274043 
35.0 0.002504628151655197  0.001465654349885881 
36.0 0.0026759200263768435  0.0014374740421772003 
37.0 0.007728158496320248  0.0013969402061775327 
38.0 0.003917725291103125  0.0014137787511572242 
39.0 0.0018967087380588055  0.0013724591117352247 
40.0 0.0015004754532128572  0.0013448636746034026 
41.0 0.0016912893624976277  0.0013136573834344745 
42.0 0.001464242348447442  0.0013008179375901818 
43.0 0.0034674613270908594  0.0012701189843937755 
44.0 0.0019348919158801436  0.0012700665974989533 
45.0 0.004395727533847094  0.001238727942109108 
46.0 0.00252511166036129  0.0012402700958773494 
47.0 0.003959722351282835  0.0012148399837315083 
48.0 0.0028748600743710995  0.0012060782173648477 
49.0 0.002929984824731946  0.0011902967235073447 
50.0 0.002212669001892209  0.001176092540845275 
51.0 0.002239194232970476  0.001159187057055533 
52.0 0.002365169348195195  0.0011434678453952074 
53.0 0.0019946603570133448  0.0011286643566563725 
54.0 0.0015119836898520589  0.001098840613849461 
55.0 0.0017232190584763885  0.0010777449933812022 
56.0 0.0019169504521414638  0.0010601129615679383 
57.0 0.0018905140459537506  0.0010485046077519655 
58.0 0.0015602760249748826  0.001035336754284799 
59.0 0.001915216795168817  0.001022020005621016 
60.0 0.0012177707394585013  0.0010173340560868382 
61.0 0.0015726296696811914  0.0010049216216430068 
62.0 0.001156385289505124  0.0009917099960148335 
63.0 0.0012739505618810654  0.000998597708530724 
64.0 0.0012697355123236775  0.0009844995802268386 
65.0 0.0012052444508299232  0.000979582779109478 
66.0 0.00126762839499861  0.0009678093483671546 
67.0 0.0012900393921881914  0.0009663853561505675 
68.0 0.0013559398939833045  0.0009688405552878976 
69.0 0.0015668978448957205  0.0009623161749914289 
70.0 0.0013253672514110804  0.0009575186995789409 
71.0 0.0016428421949967742  0.0009434337262064219 
72.0 0.0013549624709412456  0.0009474168764427304 
73.0 0.0014379892963916063  0.0009361154516227543 
74.0 0.001373062958009541  0.0009448386845178902 
75.0 0.0015239546773955226  0.0009146920638158917 
76.0 0.0012170220725238323  0.0009329671738669276 
77.0 0.0013344292528927326  0.0009295432246290147 
78.0 0.0013685355661436915  0.000919586920645088 
79.0 0.0013707770267501473  0.0009012136142700911 
80.0 0.0011924593709409237  0.0009151504491455853 
81.0 0.001261640922166407  0.0008953696233220398 
82.0 0.001230881316587329  0.0008991430513560772 
