0.0 0.04286612197756767  0.07762470841407776 
1.0 0.016720568761229515  0.02236744947731495 
2.0 0.01232100185006857  0.012035824358463287 
3.0 0.011922100558876991  0.009728314355015755 
4.0 0.011793172918260098  0.008729773573577404 
5.0 0.010592261329293251  0.008127841167151928 
6.0 0.007549051195383072  0.007684968411922455 
7.0 0.007894790731370449  0.007302348967641592 
8.0 0.006987148895859718  0.006908072624355555 
9.0 0.006346872542053461  0.006526419892907143 
10.0 0.005892619490623474  0.006120872683823109 
11.0 0.005843070801347494  0.0058001065626740456 
12.0 0.00606083357706666  0.005596273113042116 
13.0 0.005989265628159046  0.005443949718028307 
14.0 0.005816494580358267  0.00530984764918685 
15.0 0.0052849953062832355  0.005191441625356674 
16.0 0.005502020940184593  0.005077289883047342 
17.0 0.005750665906816721  0.004984588827937841 
18.0 0.005652060266584158  0.004882141947746277 
19.0 0.005728374235332012  0.004827326629310846 
20.0 0.005785202141851187  0.004739764146506786 
21.0 0.0047091711312532425  0.004700731486082077 
22.0 0.004985626321285963  0.004645038396120071 
23.0 0.004915155470371246  0.004572117701172829 
24.0 0.0051298500038683414  0.004526860546320677 
25.0 0.004755309782922268  0.0044675301760435104 
26.0 0.004965275060385466  0.0044373031705617905 
27.0 0.004066286608576775  0.004371480084955692 
28.0 0.0045079998672008514  0.004309056326746941 
29.0 0.003996468614786863  0.004260628018528223 
30.0 0.0038041535299271345  0.004219212103635073 
31.0 0.003964915871620178  0.0041941446252167225 
32.0 0.0043770913034677505  0.004138139076530933 
33.0 0.004056272096931934  0.00405562249943614 
34.0 0.004260692745447159  0.0040319194085896015 
35.0 0.004187361802905798  0.003978516906499863 
36.0 0.004077487625181675  0.003940581809729338 
37.0 0.0035798947792500257  0.0038983908016234636 
38.0 0.005570675246417522  0.0038808281533420086 
39.0 0.004100569989532232  0.0038252000231295824 
40.0 0.0046594771556556225  0.0038149708416312933 
41.0 0.005668041296303272  0.0037831985391676426 
42.0 0.003955882508307695  0.003678788896650076 
43.0 0.00474152248352766  0.0037215440534055233 
44.0 0.003918713890016079  0.0036281433422118425 
45.0 0.005121613387018442  0.003620130242779851 
46.0 0.00474403565749526  0.0036029585171490908 
47.0 0.003911964595317841  0.003552597016096115 
48.0 0.004511984530836344  0.0035460658837109804 
49.0 0.004221587907522917  0.003457670332863927 
50.0 0.0032649002969264984  0.003522806102409959 
51.0 0.004166509956121445  0.0033897000830620527 
52.0 0.004181178752332926  0.003424367867410183 
53.0 0.0034249210730195045  0.003362881252542138 
54.0 0.0038233252707868814  0.0032999299000948668 
55.0 0.003915614914149046  0.003334988607093692 
56.0 0.004610162694007158  0.0032512997277081013 
57.0 0.003229432972148061  0.00324292853474617 
58.0 0.007232622243463993  0.0031828125938773155 
59.0 0.004297672770917416  0.003239110577851534 
60.0 0.0032614266965538263  0.0031661249231547117 
61.0 0.0031857057474553585  0.0031010780949145555 
62.0 0.003021661890670657  0.0030834809876978397 
63.0 0.0030017199460417032  0.003052906831726432 
64.0 0.003983988892287016  0.003033688059076667 
65.0 0.0025755702517926693  0.003004382597282529 
66.0 0.004048954229801893  0.0031011912506073713 
67.0 0.005443258676677942  0.00349842244759202 
68.0 0.003024595556780696  0.0030190437100827694 
69.0 0.003914806991815567  0.00297633558511734 
70.0 0.002671313937753439  0.0028775841929018497 
71.0 0.0033505880273878574  0.0028773837257176638 
72.0 0.003594570094719529  0.002863558242097497 
73.0 0.004511891398578882  0.002930765738710761 
74.0 0.003580256598070264  0.002776271430775523 
75.0 0.005088086239993572  0.0027745335828512907 
76.0 0.006970226764678955  0.002709604799747467 
77.0 0.005987172946333885  0.0027045111637562513 
78.0 0.003338248934596777  0.0028859528247267008 
79.0 0.002549863653257489  0.0026689020451158285 
80.0 0.0031862410251051188  0.0029125784058123827 
81.0 0.0036822110414505005  0.0026450972072780132 
82.0 0.0064115943387150764  0.002587660914286971 
83.0 0.005065185949206352  0.002643200568854809 
84.0 0.007562299724668264  0.0025693916250020266 
85.0 0.002430571708828211  0.0026275492273271084 
86.0 0.003504763590171933  0.0025325957685709 
87.0 0.0021789842285215855  0.0026357511524111032 
88.0 0.0022295089438557625  0.0024248023983091116 
89.0 0.0023707852233201265  0.0024084511678665876 
90.0 0.002147869672626257  0.002406375715509057 
91.0 0.0032030048314481974  0.0024887186009436846 
92.0 0.0026257107965648174  0.0027044278103858232 
93.0 0.004399352241307497  0.00236573931761086 
94.0 0.003214240772649646  0.0023816495668143034 
95.0 0.0020016604103147984  0.0023534554056823254 
96.0 0.0029283559415489435  0.002367161214351654 
97.0 0.003342151641845703  0.002261857967823744 
98.0 0.003484673798084259  0.002307445742189884 
99.0 0.001803645514883101  0.0022684119176119566 
100.0 0.0020039458759129047  0.0022475856821984053 
101.0 0.0018084216862916946  0.0027228191029280424 
102.0 0.0031239292584359646  0.00268029747530818 
103.0 0.0017161057330667973  0.0022758475970476866 
104.0 0.0022723893634974957  0.0022506725508719683 
105.0 0.0017829622374847531  0.002076387871056795 
106.0 0.0022422433830797672  0.002436018781736493 
107.0 0.0016601959941908717  0.002155525842681527 
108.0 0.003314935602247715  0.0021784347482025623 
109.0 0.0029520641546696424  0.0021490384824573994 
110.0 0.0026649702340364456  0.0023035332560539246 
111.0 0.004794162232428789  0.0021088048815727234 
112.0 0.0015595491277053952  0.00203160778619349 
113.0 0.0017513438360765576  0.002167400438338518 
114.0 0.0017761458875611424  0.002100198296830058 
115.0 0.002885755617171526  0.0021278478670865297 
116.0 0.0015949910739436746  0.0020257127471268177 
117.0 0.0019237904343754053  0.0020232738461345434 
118.0 0.0020431790035218  0.00194918445777148 
119.0 0.001976266736164689  0.0019980031065642834 
120.0 0.0022297436371445656  0.0019099998753517866 
121.0 0.004315369296818972  0.002038171049207449 
122.0 0.0057829516008496284  0.0019211845938116312 
123.0 0.0032481623347848654  0.0021300397347658873 
124.0 0.001787054818123579  0.002394365379586816 
125.0 0.002848054049536586  0.00227529788389802 
126.0 0.0023773736320436  0.0019755696412175894 
127.0 0.004600773099809885  0.001990165561437607 
128.0 0.0021713250316679478  0.002131424378603697 
129.0 0.002944302512332797  0.0018081689486280084 
130.0 0.003613219829276204  0.0020769722759723663 
131.0 0.0016243710415437818  0.0018120078602805734 
132.0 0.0013333815149962902  0.0017328225076198578 
133.0 0.0021313310135155916  0.0019973996095359325 
134.0 0.0017346013337373734  0.00187851139344275 
135.0 0.0015924868639558554  0.001904382137581706 
136.0 0.0019882044289261103  0.001858253381215036 
137.0 0.001293628360144794  0.0017004008404910564 
138.0 0.0013199798995628953  0.001654331455938518 
139.0 0.001822247519157827  0.0015608036192134023 
140.0 0.0015782295959070325  0.0016433759592473507 
141.0 0.001063930569216609  0.0015534154372289777 
142.0 0.0010959631763398647  0.0014618356944993138 
143.0 0.0026714743580669165  0.0014914162456989288 
144.0 0.0014350101118907332  0.0015186709351837635 
145.0 0.0013842693297192454  0.0013976746704429388 
146.0 0.001023583230562508  0.0015294362092390656 
147.0 0.0025015370920300484  0.0013804563786834478 
148.0 0.002177016343921423  0.001564629259519279 
149.0 0.0013434486463665962  0.001440378138795495 
150.0 0.001777441124431789  0.0013548537390306592 
151.0 0.00449015386402607  0.0017479619709774852 
152.0 0.001975051360204816  0.0014766728272661567 
153.0 0.0013123415410518646  0.001402615220285952 
154.0 0.002028438728302717  0.0014133485965430737 
155.0 0.000923668674658984  0.00139961380045861 
156.0 0.0013947859406471252  0.0013619086239486933 
157.0 0.0009281199309043586  0.0012492408277466893 
158.0 0.007655601482838392  0.001392162055708468 
159.0 0.0009057410643436015  0.0016482255887240171 
160.0 0.0029890432488173246  0.0013249644543975592 
161.0 0.001153843360953033  0.0015727279242128134 
162.0 0.0024249176494777203  0.00144727504812181 
163.0 0.0023299679160118103  0.0013346103951334953 
164.0 0.0014860397204756737  0.0013547504786401987 
165.0 0.0023368755355477333  0.001327949925325811 
166.0 0.0009348408202640712  0.001413258956745267 
167.0 0.0011528688482940197  0.0012438592966645956 
168.0 0.0014962158165872097  0.0011935022193938494 
169.0 0.0021482370793819427  0.0012693185126408935 
170.0 0.0008837009663693607  0.0012650551507249475 
171.0 0.0016490449197590351  0.001549572218209505 
172.0 0.0010377122089266777  0.0012460985453799367 
173.0 0.0021902068983763456  0.0014144362648949027 
174.0 0.0009678009664639831  0.0013115671463310719 
175.0 0.0021405783481895924  0.0012400310952216387 
176.0 0.0008644635672681034  0.0014136818936094642 
177.0 0.002584396628662944  0.0017692939145490527 
178.0 0.0019024050561711192  0.001330675557255745 
179.0 0.0020639379508793354  0.0013368282234296203 
180.0 0.003862871089950204  0.0013980071526020765 
181.0 0.0024541523307561874  0.0025055361911654472 
182.0 0.001771813607774675  0.0016382315661758184 
183.0 0.0024780628737062216  0.0011651816312223673 
184.0 0.002000547479838133  0.0012555690482258797 
185.0 0.0014944704016670585  0.0011289890389889479 
186.0 0.001209694892168045  0.0011355944443494081 
187.0 0.002956568030640483  0.0014431076124310493 
188.0 0.0008359594503417611  0.001408822718076408 
189.0 0.0017309467075392604  0.0012579303001984954 
190.0 0.0015936971176415682  0.0011968520702794194 
191.0 0.0014487800654023886  0.0013645116705447435 
192.0 0.000569674710277468  0.0012839167611673474 
193.0 0.00067029899219051  0.001261832076124847 
194.0 0.002747162012383342  0.001130540738813579 
195.0 0.0018628813559189439  0.0011025925632566214 
196.0 0.001366988173685968  0.0012051680823788047 
197.0 0.001067590550519526  0.0011036244686692953 
198.0 0.0006576560554094613  0.0012286262353882194 
199.0 0.0035847327671945095  0.002291783457621932 
