1100 3.7115
1099.3 3.7118
1098.6 3.7121
1097.9 3.7125
1097.2 3.7128
1096.5 3.7131
1095.8 3.7134
1095.1 3.7137
1094.4 3.714
1093.7 3.7143
1093 3.7147
1092.3 3.715
1091.6 3.7153
1090.9 3.7156
1090.2 3.7159
1089.5 3.7162
1088.8 3.7165
1088.1 3.7169
1087.4 3.7172
1086.7 3.7175
1086 3.7178
1085.3 3.7181
1084.6 3.7184
1083.9 3.7187
1083.2 3.719
1082.5 3.7194
1081.8 3.7197
1081.1 3.72
1080.4 3.7203
1079.7 3.7206
1079 3.7209
1078.3 3.7212
1077.6 3.7215
1076.8 3.7218
1076.1 3.7222
1075.4 3.7225
1074.7 3.7228
1074 3.7231
1073.3 3.7234
1072.6 3.7237
1071.9 3.724
1071.2 3.7243
1070.5 3.7246
1069.8 3.7249
1069.1 3.7252
1068.4 3.7255
1067.7 3.7259
1067 3.7262
1066.3 3.7265
1065.6 3.7268
1064.9 3.7271
1064.2 3.7274
1063.5 3.7277
1062.8 3.728
1062.1 3.7283
1061.4 3.7286
1060.7 3.7289
1060 3.7292
1059.3 3.7295
1058.6 3.7298
1057.9 3.7301
1057.2 3.7304
1056.5 3.7307
1055.8 3.731
1055.1 3.7313
1054.4 3.7317
1053.7 3.732
1053 3.7323
1052.3 3.7326
1051.6 3.7329
1050.9 3.7332
1050.2 3.7335
1049.5 3.7338
1048.8 3.7341
1048.1 3.7344
1047.4 3.7347
1046.7 3.735
1046 3.7353
1045.3 3.7356
1044.6 3.7359
1043.9 3.7362
1043.2 3.7365
1042.5 3.7368
1041.8 3.7371
1041.1 3.7374
1040.4 3.7377
1039.7 3.738
1039 3.7383
1038.3 3.7386
1037.6 3.7389
1036.9 3.7392
1036.2 3.7395
1035.5 3.7398
1034.8 3.7401
1034.1 3.7404
1033.4 3.7407
1032.7 3.741
1032 3.7413
1031.3 3.7416
1030.6 3.7418
1029.9 3.7421
1029.2 3.7424
1028.5 3.7427
1027.8 3.743
1027.1 3.7433
1026.4 3.7436
1025.7 3.7439
1025 3.7442
1024.3 3.7445
1023.6 3.7448
1022.9 3.7451
1022.2 3.7454
1021.5 3.7457
1020.8 3.746
1020.1 3.7463
1019.4 3.7466
1018.7 3.7469
1018 3.7472
1017.3 3.7474
1016.6 3.7477
1015.9 3.748
1015.2 3.7483
1014.5 3.7486
1013.8 3.7489
1013.1 3.7492
1012.4 3.7495
1011.7 3.7498
1011 3.7501
1010.3 3.7504
1009.6 3.7507
1008.9 3.7509
1008.2 3.7512
1007.5 3.7515
1006.8 3.7518
1006.1 3.7521
1005.4 3.7524
1004.7 3.7527
1004 3.753
1003.3 3.7533
1002.6 3.7535
1001.9 3.7538
1001.2 3.7541
1000.5 3.7544
999.77 3.7547
999.07 3.755
998.37 3.7553
997.67 3.7556
996.97 3.7558
996.27 3.7561
995.57 3.7564
994.87 3.7567
994.17 3.757
993.47 3.7573
992.77 3.7576
992.07 3.7579
991.37 3.7581
990.67 3.7584
989.97 3.7587
989.26 3.759
988.56 3.7593
987.86 3.7596
987.16 3.7598
986.46 3.7601
985.76 3.7604
985.06 3.7607
984.36 3.761
983.66 3.7613
982.96 3.7615
982.26 3.7618
981.56 3.7621
980.86 3.7624
980.16 3.7627
979.45 3.763
978.75 3.7632
978.05 3.7635
977.35 3.7638
976.65 3.7641
975.95 3.7644
975.25 3.7646
974.55 3.7649
973.85 3.7652
973.15 3.7655
972.45 3.7658
971.75 3.766
971.05 3.7663
970.35 3.7666
969.65 3.7669
968.94 3.7672
968.24 3.7674
967.54 3.7677
966.84 3.768
966.14 3.7683
965.44 3.7686
964.74 3.7688
964.04 3.7691
963.34 3.7694
962.64 3.7697
961.94 3.7699
961.24 3.7702
960.54 3.7705
959.84 3.7708
959.14 3.771
958.43 3.7713
957.73 3.7716
957.03 3.7719
956.33 3.7721
955.63 3.7724
954.93 3.7727
954.23 3.773
953.53 3.7732
952.83 3.7735
952.13 3.7738
951.43 3.7741
950.73 3.7743
950.03 3.7746
949.33 3.7749
948.62 3.7752
947.92 3.7754
947.22 3.7757
946.52 3.776
945.82 3.7763
945.12 3.7765
944.42 3.7768
943.72 3.7771
943.02 3.7773
942.32 3.7776
941.62 3.7779
940.92 3.7782
940.22 3.7784
939.52 3.7787
938.82 3.779
938.11 3.7792
937.41 3.7795
936.71 3.7798
936.01 3.78
935.31 3.7803
934.61 3.7806
933.91 3.7808
933.21 3.7811
932.51 3.7814
931.81 3.7817
931.11 3.7819
930.41 3.7822
929.71 3.7825
929.01 3.7827
928.3 3.783
927.6 3.7833
926.9 3.7835
926.2 3.7838
925.5 3.7841
924.8 3.7843
924.1 3.7846
923.4 3.7849
922.7 3.7851
922 3.7854
921.3 3.7857
920.6 3.7859
919.9 3.7862
919.2 3.7864
918.5 3.7867
917.79 3.787
917.09 3.7872
916.39 3.7875
915.69 3.7878
914.99 3.788
914.29 3.7883
913.59 3.7886
912.89 3.7888
912.19 3.7891
911.49 3.7893
910.79 3.7896
910.09 3.7899
909.39 3.7901
908.69 3.7904
907.99 3.7907
907.28 3.7909
906.58 3.7912
905.88 3.7914
905.18 3.7917
904.48 3.792
903.78 3.7922
903.08 3.7925
902.38 3.7927
901.68 3.793
900.98 3.7933
900.28 3.7935
899.58 3.7938
898.88 3.794
898.18 3.7943
897.47 3.7946
896.77 3.7948
896.07 3.7951
895.37 3.7953
894.67 3.7956
893.97 3.7958
893.27 3.7961
892.57 3.7964
891.87 3.7966
891.17 3.7969
890.47 3.7971
889.77 3.7974
889.07 3.7976
888.37 3.7979
887.67 3.7981
886.96 3.7984
886.26 3.7987
885.56 3.7989
884.86 3.7992
884.16 3.7994
883.46 3.7997
882.76 3.7999
882.06 3.8002
881.36 3.8004
880.66 3.8007
879.96 3.8009
879.26 3.8012
878.56 3.8015
877.86 3.8017
877.16 3.802
876.45 3.8022
875.75 3.8025
875.05 3.8027
874.35 3.803
873.65 3.8032
872.95 3.8035
872.25 3.8037
871.55 3.804
870.85 3.8042
870.15 3.8045
869.45 3.8047
868.75 3.805
868.05 3.8052
867.35 3.8055
866.64 3.8057
865.94 3.806
865.24 3.8062
864.54 3.8065
863.84 3.8067
863.14 3.807
862.44 3.8072
861.74 3.8075
861.04 3.8077
860.34 3.808
859.64 3.8082
858.94 3.8085
858.24 3.8087
857.54 3.8089
856.84 3.8092
856.13 3.8094
855.43 3.8097
854.73 3.8099
854.03 3.8102
853.33 3.8104
852.63 3.8107
851.93 3.8109
851.23 3.8112
850.53 3.8114
849.83 3.8116
849.13 3.8119
848.43 3.8121
847.73 3.8124
847.03 3.8126
846.33 3.8129
845.62 3.8131
844.92 3.8134
844.22 3.8136
843.52 3.8138
842.82 3.8141
842.12 3.8143
841.42 3.8146
840.72 3.8148
840.02 3.8151
839.32 3.8153
838.62 3.8155
837.92 3.8158
837.22 3.816
836.52 3.8163
835.81 3.8165
835.11 3.8167
834.41 3.817
833.71 3.8172
833.01 3.8175
832.31 3.8177
831.61 3.8179
830.91 3.8182
830.21 3.8184
829.51 3.8187
828.81 3.8189
828.11 3.8191
827.41 3.8194
826.71 3.8196
826.01 3.8198
825.3 3.8201
824.6 3.8203
823.9 3.8206
823.2 3.8208
822.5 3.821
821.8 3.8213
821.1 3.8215
820.4 3.8217
819.7 3.822
819 3.8222
818.3 3.8224
817.6 3.8227
816.9 3.8229
816.2 3.8232
815.49 3.8234
814.79 3.8236
814.09 3.8239
813.39 3.8241
812.69 3.8243
811.99 3.8246
811.29 3.8248
810.59 3.825
809.89 3.8253
809.19 3.8255
808.49 3.8257
807.79 3.826
807.09 3.8262
806.39 3.8264
805.69 3.8267
804.98 3.8269
804.28 3.8271
803.58 3.8273
802.88 3.8276
802.18 3.8278
801.48 3.828
800.78 3.8283
800.08 3.8285
799.38 3.8287
798.68 3.829
797.98 3.8292
797.28 3.8294
796.58 3.8297
795.88 3.8299
795.18 3.8301
794.47 3.8303
793.77 3.8306
793.07 3.8308
792.37 3.831
791.67 3.8313
790.97 3.8315
790.27 3.8317
789.57 3.8319
788.87 3.8322
788.17 3.8324
787.47 3.8326
786.77 3.8328
786.07 3.8331
785.37 3.8333
784.66 3.8335
783.96 3.8337
783.26 3.834
782.56 3.8342
781.86 3.8344
781.16 3.8346
780.46 3.8349
779.76 3.8351
779.06 3.8353
778.36 3.8355
777.66 3.8358
776.96 3.836
776.26 3.8362
775.56 3.8364
774.86 3.8367
774.15 3.8369
773.45 3.8371
772.75 3.8373
772.05 3.8376
771.35 3.8378
770.65 3.838
769.95 3.8382
769.25 3.8384
768.55 3.8387
767.85 3.8389
767.15 3.8391
766.45 3.8393
765.75 3.8395
765.05 3.8398
764.35 3.84
763.64 3.8402
762.94 3.8404
762.24 3.8406
761.54 3.8409
760.84 3.8411
760.14 3.8413
759.44 3.8415
758.74 3.8417
758.04 3.842
757.34 3.8422
756.64 3.8424
755.94 3.8426
755.24 3.8428
754.54 3.843
753.83 3.8433
753.13 3.8435
752.43 3.8437
751.73 3.8439
751.03 3.8441
750.33 3.8443
749.63 3.8446
748.93 3.8448
748.23 3.845
747.53 3.8452
746.83 3.8454
746.13 3.8456
745.43 3.8459
744.73 3.8461
744.03 3.8463
743.32 3.8465
742.62 3.8467
741.92 3.8469
741.22 3.8471
740.52 3.8473
739.82 3.8476
739.12 3.8478
738.42 3.848
737.72 3.8482
737.02 3.8484
736.32 3.8486
735.62 3.8488
734.92 3.849
734.22 3.8493
733.52 3.8495
732.81 3.8497
732.11 3.8499
731.41 3.8501
730.71 3.8503
730.01 3.8505
729.31 3.8507
728.61 3.8509
727.91 3.8512
727.21 3.8514
726.51 3.8516
725.81 3.8518
725.11 3.852
724.41 3.8522
723.71 3.8524
723 3.8526
722.3 3.8528
721.6 3.853
720.9 3.8532
720.2 3.8534
719.5 3.8537
718.8 3.8539
718.1 3.8541
717.4 3.8543
716.7 3.8545
716 3.8547
715.3 3.8549
714.6 3.8551
713.9 3.8553
713.2 3.8555
712.49 3.8557
711.79 3.8559
711.09 3.8561
710.39 3.8563
709.69 3.8565
708.99 3.8567
708.29 3.8569
707.59 3.8571
706.89 3.8573
706.19 3.8575
705.49 3.8578
704.79 3.858
704.09 3.8582
703.39 3.8584
702.69 3.8586
701.98 3.8588
701.28 3.859
700.58 3.8592
699.88 3.8594
699.18 3.8596
698.48 3.8598
697.78 3.86
697.08 3.8602
696.38 3.8604
695.68 3.8606
694.98 3.8608
694.28 3.861
693.58 3.8612
692.88 3.8614
692.17 3.8616
691.47 3.8618
690.77 3.862
690.07 3.8622
689.37 3.8624
688.67 3.8626
687.97 3.8628
687.27 3.863
686.57 3.8632
685.87 3.8634
685.17 3.8636
684.47 3.8638
683.77 3.864
683.07 3.8641
682.37 3.8643
681.66 3.8645
680.96 3.8647
680.26 3.8649
679.56 3.8651
678.86 3.8653
678.16 3.8655
677.46 3.8657
676.76 3.8659
676.06 3.8661
675.36 3.8663
674.66 3.8665
673.96 3.8667
673.26 3.8669
672.56 3.8671
671.85 3.8673
671.15 3.8675
670.45 3.8677
669.75 3.8678
669.05 3.868
668.35 3.8682
667.65 3.8684
666.95 3.8686
666.25 3.8688
665.55 3.869
664.85 3.8692
664.15 3.8694
663.45 3.8696
662.75 3.8698
662.05 3.87
661.34 3.8701
660.64 3.8703
659.94 3.8705
659.24 3.8707
658.54 3.8709
657.84 3.8711
657.14 3.8713
656.44 3.8715
655.74 3.8717
655.04 3.8719
654.34 3.872
653.64 3.8722
652.94 3.8724
652.24 3.8726
651.54 3.8728
650.83 3.873
650.13 3.8732
649.43 3.8734
648.73 3.8735
648.03 3.8737
647.33 3.8739
646.63 3.8741
645.93 3.8743
645.23 3.8745
644.53 3.8747
643.83 3.8748
643.13 3.875
642.43 3.8752
641.73 3.8754
641.02 3.8756
640.32 3.8758
639.62 3.8759
638.92 3.8761
638.22 3.8763
637.52 3.8765
636.82 3.8767
636.12 3.8769
635.42 3.8771
634.72 3.8772
634.02 3.8774
633.32 3.8776
632.62 3.8778
631.92 3.878
631.22 3.8781
630.51 3.8783
629.81 3.8785
629.11 3.8787
628.41 3.8789
627.71 3.8791
627.01 3.8792
626.31 3.8794
625.61 3.8796
624.91 3.8798
624.21 3.88
623.51 3.8801
622.81 3.8803
622.11 3.8805
621.41 3.8807
620.71 3.8808
620 3.881
619.3 3.8812
618.6 3.8814
617.9 3.8816
617.2 3.8817
616.5 3.8819
615.8 3.8821
615.1 3.8823
614.4 3.8824
613.7 3.8826
613 3.8828
612.3 3.883
611.6 3.8832
610.9 3.8833
610.19 3.8835
609.49 3.8837
608.79 3.8839
608.09 3.884
607.39 3.8842
606.69 3.8844
605.99 3.8846
605.29 3.8847
604.59 3.8849
603.89 3.8851
603.19 3.8853
602.49 3.8854
601.79 3.8856
601.09 3.8858
600.39 3.8859
599.68 3.8861
598.98 3.8863
598.28 3.8865
597.58 3.8866
596.88 3.8868
596.18 3.887
595.48 3.8871
594.78 3.8873
594.08 3.8875
593.38 3.8877
592.68 3.8878
591.98 3.888
591.28 3.8882
590.58 3.8883
589.88 3.8885
589.17 3.8887
588.47 3.8889
587.77 3.889
587.07 3.8892
586.37 3.8894
585.67 3.8895
584.97 3.8897
584.27 3.8899
583.57 3.89
582.87 3.8902
582.17 3.8904
581.47 3.8905
580.77 3.8907
580.07 3.8909
579.36 3.891
578.66 3.8912
577.96 3.8914
577.26 3.8915
576.56 3.8917
575.86 3.8919
575.16 3.892
574.46 3.8922
573.76 3.8924
573.06 3.8925
572.36 3.8927
571.66 3.8929
570.96 3.893
570.26 3.8932
569.56 3.8934
568.85 3.8935
568.15 3.8937
567.45 3.8938
566.75 3.894
566.05 3.8942
565.35 3.8943
564.65 3.8945
563.95 3.8947
563.25 3.8948
562.55 3.895
561.85 3.8951
561.15 3.8953
560.45 3.8955
559.75 3.8956
559.04 3.8958
558.34 3.896
557.64 3.8961
556.94 3.8963
556.24 3.8964
555.54 3.8966
554.84 3.8968
554.14 3.8969
553.44 3.8971
552.74 3.8972
552.04 3.8974
551.34 3.8975
550.64 3.8977
549.94 3.8979
549.24 3.898
548.53 3.8982
547.83 3.8983
547.13 3.8985
546.43 3.8987
545.73 3.8988
545.03 3.899
544.33 3.8991
543.63 3.8993
542.93 3.8994
542.23 3.8996
541.53 3.8998
540.83 3.8999
540.13 3.9001
539.43 3.9002
538.73 3.9004
538.02 3.9005
537.32 3.9007
536.62 3.9008
535.92 3.901
535.22 3.9011
534.52 3.9013
533.82 3.9015
533.12 3.9016
532.42 3.9018
531.72 3.9019
531.02 3.9021
530.32 3.9022
529.62 3.9024
528.92 3.9025
528.21 3.9027
527.51 3.9028
526.81 3.903
526.11 3.9031
525.41 3.9033
524.71 3.9034
524.01 3.9036
523.31 3.9037
522.61 3.9039
521.91 3.904
521.21 3.9042
520.51 3.9043
519.81 3.9045
519.11 3.9046
518.41 3.9048
517.7 3.9049
517 3.9051
516.3 3.9052
515.6 3.9054
514.9 3.9055
514.2 3.9057
513.5 3.9058
512.8 3.906
512.1 3.9061
511.4 3.9063
510.7 3.9064
510 3.9066
509.3 3.9067
508.6 3.9069
507.9 3.907
507.19 3.9071
506.49 3.9073
505.79 3.9074
505.09 3.9076
504.39 3.9077
503.69 3.9079
502.99 3.908
502.29 3.9082
501.59 3.9083
500.89 3.9085
500.19 3.9086
499.49 3.9087
498.79 3.9089
498.09 3.909
497.38 3.9092
496.68 3.9093
495.98 3.9095
495.28 3.9096
494.58 3.9097
493.88 3.9099
493.18 3.91
492.48 3.9102
491.78 3.9103
491.08 3.9105
490.38 3.9106
489.68 3.9107
488.98 3.9109
488.28 3.911
487.58 3.9112
486.87 3.9113
486.17 3.9114
485.47 3.9116
484.77 3.9117
484.07 3.9119
483.37 3.912
482.67 3.9121
481.97 3.9123
481.27 3.9124
480.57 3.9126
479.87 3.9127
479.17 3.9128
478.47 3.913
477.77 3.9131
477.07 3.9132
476.36 3.9134
475.66 3.9135
474.96 3.9137
474.26 3.9138
473.56 3.9139
472.86 3.9141
472.16 3.9142
471.46 3.9143
470.76 3.9145
470.06 3.9146
469.36 3.9147
468.66 3.9149
467.96 3.915
467.26 3.9151
466.55 3.9153
465.85 3.9154
465.15 3.9155
464.45 3.9157
463.75 3.9158
463.05 3.9159
462.35 3.9161
461.65 3.9162
460.95 3.9163
460.25 3.9165
459.55 3.9166
458.85 3.9167
458.15 3.9169
457.45 3.917
456.75 3.9171
456.04 3.9173
455.34 3.9174
454.64 3.9175
453.94 3.9177
453.24 3.9178
452.54 3.9179
451.84 3.9181
451.14 3.9182
450.44 3.9183
449.74 3.9184
449.04 3.9186
448.34 3.9187
447.64 3.9188
446.94 3.919
446.24 3.9191
445.53 3.9192
444.83 3.9193
444.13 3.9195
443.43 3.9196
442.73 3.9197
442.03 3.9199
441.33 3.92
440.63 3.9201
439.93 3.9202
439.23 3.9204
438.53 3.9205
437.83 3.9206
437.13 3.9207
436.43 3.9209
435.72 3.921
435.02 3.9211
434.32 3.9212
433.62 3.9214
432.92 3.9215
432.22 3.9216
431.52 3.9217
430.82 3.9219
430.12 3.922
429.42 3.9221
428.72 3.9222
428.02 3.9224
427.32 3.9225
426.62 3.9226
425.92 3.9227
425.21 3.9229
424.51 3.923
423.81 3.9231
423.11 3.9232
422.41 3.9233
421.71 3.9235
421.01 3.9236
420.31 3.9237
419.61 3.9238
418.91 3.9239
418.21 3.9241
417.51 3.9242
416.81 3.9243
416.11 3.9244
415.4 3.9245
414.7 3.9247
414 3.9248
413.3 3.9249
412.6 3.925
411.9 3.9251
411.2 3.9253
410.5 3.9254
409.8 3.9255
409.1 3.9256
408.4 3.9257
407.7 3.9258
407 3.926
406.3 3.9261
405.6 3.9262
404.89 3.9263
404.19 3.9264
403.49 3.9265
402.79 3.9267
402.09 3.9268
401.39 3.9269
400.69 3.927
399.99 3.9271
