1100 1.2568
1099.3 1.2577
1098.6 1.2585
1097.9 1.2593
1097.2 1.2601
1096.5 1.2608
1095.8 1.2616
1095.1 1.2623
1094.4 1.263
1093.7 1.2636
1093 1.2643
1092.3 1.2649
1091.6 1.2655
1090.9 1.266
1090.2 1.2666
1089.5 1.2671
1088.8 1.2676
1088.1 1.268
1087.4 1.2685
1086.7 1.2689
1086 1.2692
1085.3 1.2696
1084.6 1.2699
1083.9 1.2702
1083.2 1.2705
1082.5 1.2707
1081.8 1.2709
1081.1 1.2711
1080.4 1.2713
1079.7 1.2714
1079 1.2715
1078.3 1.2716
1077.6 1.2717
1076.8 1.2717
1076.1 1.2717
1075.4 1.2716
1074.7 1.2716
1074 1.2715
1073.3 1.2714
1072.6 1.2712
1071.9 1.271
1071.2 1.2708
1070.5 1.2706
1069.8 1.2703
1069.1 1.27
1068.4 1.2697
1067.7 1.2693
1067 1.2689
1066.3 1.2685
1065.6 1.2681
1064.9 1.2676
1064.2 1.2671
1063.5 1.2666
1062.8 1.266
1062.1 1.2654
1061.4 1.2648
1060.7 1.2642
1060 1.2635
1059.3 1.2628
1058.6 1.262
1057.9 1.2613
1057.2 1.2605
1056.5 1.2596
1055.8 1.2588
1055.1 1.2579
1054.4 1.257
1053.7 1.256
1053 1.2551
1052.3 1.2541
1051.6 1.253
1050.9 1.252
1050.2 1.2509
1049.5 1.2497
1048.8 1.2486
1048.1 1.2474
1047.4 1.2462
1046.7 1.245
1046 1.2437
1045.3 1.2424
1044.6 1.2411
1043.9 1.2397
1043.2 1.2383
1042.5 1.2369
1041.8 1.2355
1041.1 1.234
1040.4 1.2325
1039.7 1.231
1039 1.2295
1038.3 1.2279
1037.6 1.2263
1036.9 1.2246
1036.2 1.223
1035.5 1.2213
1034.8 1.2196
1034.1 1.2178
1033.4 1.2161
1032.7 1.2143
1032 1.2125
1031.3 1.2106
1030.6 1.2087
1029.9 1.2068
1029.2 1.2049
1028.5 1.203
1027.8 1.201
1027.1 1.199
1026.4 1.197
1025.7 1.1949
1025 1.1929
1024.3 1.1908
1023.6 1.1886
1022.9 1.1865
1022.2 1.1843
1021.5 1.1821
1020.8 1.1799
1020.1 1.1777
1019.4 1.1754
1018.7 1.1731
1018 1.1708
1017.3 1.1685
1016.6 1.1661
1015.9 1.1638
1015.2 1.1614
1014.5 1.159
1013.8 1.1565
1013.1 1.1541
1012.4 1.1516
1011.7 1.1491
1011 1.1466
1010.3 1.144
1009.6 1.1415
1008.9 1.1389
1008.2 1.1363
1007.5 1.1337
1006.8 1.1311
1006.1 1.1284
1005.4 1.1258
1004.7 1.1231
1004 1.1204
1003.3 1.1177
1002.6 1.1149
1001.9 1.1122
1001.2 1.1094
1000.5 1.1066
999.77 1.1038
999.07 1.101
998.37 1.0982
997.67 1.0953
996.97 1.0925
996.27 1.0896
995.57 1.0867
994.87 1.0838
994.17 1.0809
993.47 1.078
992.77 1.0751
992.07 1.0721
991.37 1.0691
990.67 1.0662
989.97 1.0632
989.26 1.0602
988.56 1.0572
987.86 1.0541
987.16 1.0511
986.46 1.0481
985.76 1.045
985.06 1.042
984.36 1.0389
983.66 1.0358
982.96 1.0327
982.26 1.0296
981.56 1.0265
980.86 1.0234
980.16 1.0203
979.45 1.0171
978.75 1.014
978.05 1.0109
977.35 1.0077
976.65 1.0046
975.95 1.0014
975.25 0.99823
974.55 0.99505
973.85 0.99187
973.15 0.98869
972.45 0.98549
971.75 0.9823
971.05 0.9791
970.35 0.9759
969.65 0.97269
968.94 0.96948
968.24 0.96626
967.54 0.96304
966.84 0.95982
966.14 0.9566
965.44 0.95337
964.74 0.95014
964.04 0.94691
963.34 0.94368
962.64 0.94045
961.94 0.93721
961.24 0.93398
960.54 0.93074
959.84 0.9275
959.14 0.92427
958.43 0.92103
957.73 0.91779
957.03 0.91455
956.33 0.91132
955.63 0.90808
954.93 0.90484
954.23 0.90161
953.53 0.89838
952.83 0.89515
952.13 0.89192
951.43 0.88869
950.73 0.88546
950.03 0.88224
949.33 0.87902
948.62 0.8758
947.92 0.87259
947.22 0.86937
946.52 0.86617
945.82 0.86296
945.12 0.85976
944.42 0.85656
943.72 0.85337
943.02 0.85018
942.32 0.84699
941.62 0.84381
940.92 0.84063
940.22 0.83746
939.52 0.83429
938.82 0.83113
938.11 0.82798
937.41 0.82482
936.71 0.82168
936.01 0.81854
935.31 0.81541
934.61 0.81228
933.91 0.80916
933.21 0.80604
932.51 0.80293
931.81 0.79983
931.11 0.79673
930.41 0.79364
929.71 0.79056
929.01 0.78749
928.3 0.78442
927.6 0.78136
926.9 0.7783
926.2 0.77526
925.5 0.77222
924.8 0.76919
924.1 0.76617
923.4 0.76315
922.7 0.76014
922 0.75715
921.3 0.75416
920.6 0.75117
919.9 0.7482
919.2 0.74523
918.5 0.74228
917.79 0.73933
917.09 0.73639
916.39 0.73346
915.69 0.73054
914.99 0.72763
914.29 0.72473
913.59 0.72183
912.89 0.71895
912.19 0.71607
911.49 0.71321
910.79 0.71035
910.09 0.70751
909.39 0.70467
908.69 0.70184
907.99 0.69903
907.28 0.69622
906.58 0.69342
905.88 0.69063
905.18 0.68786
904.48 0.68509
903.78 0.68233
903.08 0.67958
902.38 0.67685
901.68 0.67412
900.98 0.6714
900.28 0.6687
899.58 0.666
898.88 0.66332
898.18 0.66064
897.47 0.65798
896.77 0.65532
896.07 0.65268
895.37 0.65005
894.67 0.64743
893.97 0.64481
893.27 0.64221
892.57 0.63962
891.87 0.63704
891.17 0.63448
890.47 0.63192
889.77 0.62937
889.07 0.62684
888.37 0.62431
887.67 0.6218
886.96 0.61929
886.26 0.6168
885.56 0.61432
884.86 0.61185
884.16 0.60939
883.46 0.60694
882.76 0.60451
882.06 0.60208
881.36 0.59966
880.66 0.59726
879.96 0.59487
879.26 0.59249
878.56 0.59011
877.86 0.58775
877.16 0.5854
876.45 0.58307
875.75 0.58074
875.05 0.57842
874.35 0.57612
873.65 0.57383
872.95 0.57154
872.25 0.56927
871.55 0.56701
870.85 0.56476
870.15 0.56252
869.45 0.56029
868.75 0.55808
868.05 0.55587
867.35 0.55368
866.64 0.55149
865.94 0.54932
865.24 0.54716
864.54 0.54501
863.84 0.54287
863.14 0.54074
862.44 0.53862
861.74 0.53651
861.04 0.53442
860.34 0.53233
859.64 0.53026
858.94 0.52819
858.24 0.52614
857.54 0.5241
856.84 0.52207
856.13 0.52005
855.43 0.51804
854.73 0.51604
854.03 0.51405
853.33 0.51207
852.63 0.5101
851.93 0.50815
851.23 0.5062
850.53 0.50427
849.83 0.50234
849.13 0.50043
848.43 0.49852
847.73 0.49663
847.03 0.49475
846.33 0.49288
845.62 0.49101
844.92 0.48916
844.22 0.48732
843.52 0.48549
842.82 0.48367
842.12 0.48186
841.42 0.48006
840.72 0.47827
840.02 0.47649
839.32 0.47472
838.62 0.47296
837.92 0.47121
837.22 0.46947
836.52 0.46774
835.81 0.46602
835.11 0.46431
834.41 0.46261
833.71 0.46093
833.01 0.45925
832.31 0.45758
831.61 0.45592
830.91 0.45427
830.21 0.45263
829.51 0.451
828.81 0.44938
828.11 0.44776
827.41 0.44616
826.71 0.44457
826.01 0.44299
825.3 0.44142
824.6 0.43985
823.9 0.4383
823.2 0.43675
822.5 0.43522
821.8 0.43369
821.1 0.43218
820.4 0.43067
819.7 0.42917
819 0.42768
818.3 0.42621
817.6 0.42474
816.9 0.42328
816.2 0.42182
815.49 0.42038
814.79 0.41895
814.09 0.41752
813.39 0.41611
812.69 0.4147
811.99 0.4133
811.29 0.41191
810.59 0.41053
809.89 0.40916
809.19 0.4078
808.49 0.40645
807.79 0.4051
807.09 0.40377
806.39 0.40244
805.69 0.40112
804.98 0.39981
804.28 0.39851
803.58 0.39721
802.88 0.39593
802.18 0.39465
801.48 0.39338
800.78 0.39212
800.08 0.39087
799.38 0.38963
798.68 0.38839
797.98 0.38717
797.28 0.38595
796.58 0.38474
795.88 0.38354
795.18 0.38234
794.47 0.38116
793.77 0.37998
793.07 0.37881
792.37 0.37765
791.67 0.37649
790.97 0.37535
790.27 0.37421
789.57 0.37308
788.87 0.37196
788.17 0.37084
787.47 0.36974
786.77 0.36864
786.07 0.36755
785.37 0.36646
784.66 0.36539
783.96 0.36432
783.26 0.36326
782.56 0.3622
781.86 0.36116
781.16 0.36012
780.46 0.35909
779.76 0.35806
779.06 0.35705
778.36 0.35604
777.66 0.35504
776.96 0.35404
776.26 0.35306
775.56 0.35208
774.86 0.3511
774.15 0.35014
773.45 0.34918
772.75 0.34823
772.05 0.34729
771.35 0.34635
770.65 0.34542
769.95 0.3445
769.25 0.34358
768.55 0.34267
767.85 0.34177
767.15 0.34087
766.45 0.33999
765.75 0.3391
765.05 0.33823
764.35 0.33736
763.64 0.3365
762.94 0.33565
762.24 0.3348
761.54 0.33396
760.84 0.33312
760.14 0.3323
759.44 0.33148
758.74 0.33066
758.04 0.32985
757.34 0.32905
756.64 0.32826
755.94 0.32747
755.24 0.32669
754.54 0.32591
753.83 0.32514
753.13 0.32438
752.43 0.32362
751.73 0.32287
751.03 0.32213
750.33 0.32139
749.63 0.32066
748.93 0.31993
748.23 0.31921
747.53 0.3185
746.83 0.31779
746.13 0.31709
745.43 0.3164
744.73 0.31571
744.03 0.31503
743.32 0.31435
742.62 0.31368
741.92 0.31302
741.22 0.31236
740.52 0.31171
739.82 0.31106
739.12 0.31042
738.42 0.30978
737.72 0.30916
737.02 0.30853
736.32 0.30792
735.62 0.3073
734.92 0.3067
734.22 0.3061
733.52 0.3055
732.81 0.30492
732.11 0.30433
731.41 0.30376
730.71 0.30319
730.01 0.30262
729.31 0.30206
728.61 0.30151
727.91 0.30096
727.21 0.30041
726.51 0.29988
725.81 0.29934
725.11 0.29882
724.41 0.2983
723.71 0.29778
723 0.29727
722.3 0.29676
721.6 0.29627
720.9 0.29577
720.2 0.29528
719.5 0.2948
718.8 0.29432
718.1 0.29385
717.4 0.29338
716.7 0.29292
716 0.29246
715.3 0.29201
714.6 0.29157
713.9 0.29113
713.2 0.29069
712.49 0.29026
711.79 0.28983
711.09 0.28941
710.39 0.289
709.69 0.28859
708.99 0.28819
708.29 0.28779
707.59 0.28739
706.89 0.287
706.19 0.28662
705.49 0.28624
704.79 0.28587
704.09 0.2855
703.39 0.28514
702.69 0.28478
701.98 0.28442
701.28 0.28408
700.58 0.28373
699.88 0.28339
699.18 0.28306
698.48 0.28273
697.78 0.28241
697.08 0.28209
696.38 0.28178
695.68 0.28147
694.98 0.28116
694.28 0.28086
693.58 0.28057
692.88 0.28028
692.17 0.28
691.47 0.27972
690.77 0.27944
690.07 0.27917
689.37 0.27891
688.67 0.27865
687.97 0.27839
687.27 0.27814
686.57 0.2779
685.87 0.27766
685.17 0.27742
684.47 0.27719
683.77 0.27697
683.07 0.27674
682.37 0.27653
681.66 0.27632
680.96 0.27611
680.26 0.27591
679.56 0.27571
678.86 0.27552
678.16 0.27533
677.46 0.27515
676.76 0.27497
676.06 0.27479
675.36 0.27462
674.66 0.27446
673.96 0.2743
673.26 0.27415
672.56 0.274
671.85 0.27385
671.15 0.27371
670.45 0.27357
669.75 0.27344
669.05 0.27332
668.35 0.27319
667.65 0.27308
666.95 0.27296
666.25 0.27286
665.55 0.27275
664.85 0.27266
664.15 0.27256
663.45 0.27247
662.75 0.27239
662.05 0.27231
661.34 0.27223
660.64 0.27216
659.94 0.2721
659.24 0.27204
658.54 0.27198
657.84 0.27193
657.14 0.27188
656.44 0.27184
655.74 0.27181
655.04 0.27177
654.34 0.27174
653.64 0.27172
652.94 0.2717
652.24 0.27169
651.54 0.27168
650.83 0.27168
650.13 0.27168
649.43 0.27168
648.73 0.27169
648.03 0.27171
647.33 0.27173
646.63 0.27175
645.93 0.27178
645.23 0.27181
644.53 0.27185
643.83 0.2719
643.13 0.27194
642.43 0.272
641.73 0.27205
641.02 0.27212
640.32 0.27218
639.62 0.27226
638.92 0.27233
638.22 0.27242
637.52 0.2725
636.82 0.27259
636.12 0.27269
635.42 0.27279
634.72 0.2729
634.02 0.27301
633.32 0.27313
632.62 0.27325
631.92 0.27337
631.22 0.2735
630.51 0.27364
629.81 0.27378
629.11 0.27393
628.41 0.27408
627.71 0.27423
627.01 0.27439
626.31 0.27456
625.61 0.27473
624.91 0.27491
624.21 0.27509
623.51 0.27527
622.81 0.27547
622.11 0.27566
621.41 0.27586
620.71 0.27607
620 0.27628
619.3 0.2765
618.6 0.27672
617.9 0.27695
617.2 0.27718
616.5 0.27742
615.8 0.27766
615.1 0.27791
614.4 0.27817
613.7 0.27843
613 0.27869
612.3 0.27896
611.6 0.27924
610.9 0.27952
610.19 0.2798
609.49 0.2801
608.79 0.28039
608.09 0.2807
607.39 0.28101
606.69 0.28132
605.99 0.28164
605.29 0.28197
604.59 0.2823
603.89 0.28263
603.19 0.28298
602.49 0.28332
601.79 0.28368
601.09 0.28404
600.39 0.2844
599.68 0.28477
598.98 0.28515
598.28 0.28553
597.58 0.28592
596.88 0.28632
596.18 0.28672
595.48 0.28713
594.78 0.28754
594.08 0.28796
593.38 0.28839
592.68 0.28882
591.98 0.28925
591.28 0.2897
590.58 0.29015
589.88 0.29061
589.17 0.29107
588.47 0.29154
587.77 0.29201
587.07 0.2925
586.37 0.29299
585.67 0.29348
584.97 0.29398
584.27 0.29449
583.57 0.29501
582.87 0.29553
582.17 0.29606
581.47 0.29659
580.77 0.29714
580.07 0.29769
579.36 0.29824
578.66 0.2988
577.96 0.29938
577.26 0.29995
576.56 0.30054
575.86 0.30113
575.16 0.30173
574.46 0.30233
573.76 0.30295
573.06 0.30357
572.36 0.3042
571.66 0.30483
570.96 0.30548
570.26 0.30613
569.56 0.30679
568.85 0.30745
568.15 0.30813
567.45 0.30881
566.75 0.3095
566.05 0.3102
565.35 0.31091
564.65 0.31162
563.95 0.31234
563.25 0.31307
562.55 0.31381
561.85 0.31456
561.15 0.31532
560.45 0.31608
559.75 0.31686
559.04 0.31764
558.34 0.31843
557.64 0.31923
556.94 0.32004
556.24 0.32085
555.54 0.32168
554.84 0.32252
554.14 0.32336
553.44 0.32421
552.74 0.32508
552.04 0.32595
551.34 0.32683
550.64 0.32773
549.94 0.32863
549.24 0.32954
548.53 0.33046
547.83 0.33139
547.13 0.33233
546.43 0.33329
545.73 0.33425
545.03 0.33522
544.33 0.33621
543.63 0.3372
542.93 0.3382
542.23 0.33922
541.53 0.34025
540.83 0.34128
540.13 0.34233
539.43 0.34339
538.73 0.34446
538.02 0.34555
537.32 0.34664
536.62 0.34775
535.92 0.34887
535.22 0.35
534.52 0.35114
533.82 0.35229
533.12 0.35346
532.42 0.35464
531.72 0.35583
531.02 0.35704
530.32 0.35825
529.62 0.35948
528.92 0.36073
528.21 0.36199
527.51 0.36326
526.81 0.36454
526.11 0.36584
525.41 0.36715
524.71 0.36848
524.01 0.36982
523.31 0.37118
522.61 0.37255
521.91 0.37393
521.21 0.37533
520.51 0.37675
519.81 0.37818
519.11 0.37962
518.41 0.38108
517.7 0.38256
517 0.38406
516.3 0.38557
515.6 0.38709
514.9 0.38864
514.2 0.3902
513.5 0.39177
512.8 0.39337
512.1 0.39498
511.4 0.39661
510.7 0.39826
510 0.39992
509.3 0.40161
508.6 0.40331
507.9 0.40504
507.19 0.40678
506.49 0.40854
505.79 0.41032
505.09 0.41212
504.39 0.41394
503.69 0.41578
502.99 0.41765
502.29 0.41953
501.59 0.42144
500.89 0.42336
500.19 0.42531
499.49 0.42728
498.79 0.42928
498.09 0.43129
497.38 0.43333
496.68 0.4354
495.98 0.43748
495.28 0.43959
494.58 0.44173
493.88 0.44389
493.18 0.44608
492.48 0.44829
491.78 0.45053
491.08 0.45279
490.38 0.45508
489.68 0.4574
488.98 0.45975
488.28 0.46212
487.58 0.46452
486.87 0.46695
486.17 0.46942
485.47 0.47191
484.77 0.47443
484.07 0.47698
483.37 0.47956
482.67 0.48218
481.97 0.48482
481.27 0.4875
480.57 0.49021
479.87 0.49296
479.17 0.49574
478.47 0.49856
477.77 0.50141
477.07 0.50429
476.36 0.50722
475.66 0.51018
474.96 0.51318
474.26 0.51621
473.56 0.51929
472.86 0.5224
472.16 0.52556
471.46 0.52876
470.76 0.53199
470.06 0.53528
469.36 0.5386
468.66 0.54197
467.96 0.54538
467.26 0.54884
466.55 0.55234
465.85 0.5559
465.15 0.5595
464.45 0.56315
463.75 0.56684
463.05 0.57059
462.35 0.57439
461.65 0.57825
460.95 0.58216
460.25 0.58612
459.55 0.59013
458.85 0.59421
458.15 0.59834
457.45 0.60253
456.75 0.60678
456.04 0.61109
455.34 0.61546
454.64 0.6199
453.94 0.6244
453.24 0.62896
452.54 0.6336
451.84 0.6383
451.14 0.64307
450.44 0.64792
449.74 0.65283
449.04 0.65782
448.34 0.66289
447.64 0.66803
446.94 0.67325
446.24 0.67855
445.53 0.68394
444.83 0.68941
444.13 0.69496
443.43 0.7006
442.73 0.70633
442.03 0.71215
441.33 0.71807
440.63 0.72408
439.93 0.73019
439.23 0.73639
438.53 0.7427
437.83 0.74912
437.13 0.75564
436.43 0.76226
435.72 0.769
435.02 0.77586
434.32 0.78283
433.62 0.78991
432.92 0.79712
432.22 0.80446
431.52 0.81192
430.82 0.81952
430.12 0.82724
429.42 0.83511
428.72 0.84311
428.02 0.85126
427.32 0.85956
426.62 0.868
425.92 0.87661
425.21 0.88537
424.51 0.89429
423.81 0.90338
423.11 0.91264
422.41 0.92208
421.71 0.93169
421.01 0.9415
420.31 0.95149
419.61 0.96167
418.91 0.97206
418.21 0.98265
417.51 0.99345
416.81 1.0045
416.11 1.0157
415.4 1.0272
414.7 1.0389
414 1.0508
413.3 1.063
412.6 1.0755
411.9 1.0882
411.2 1.1012
410.5 1.1145
409.8 1.128
409.1 1.1419
408.4 1.156
407.7 1.1705
407 1.1853
406.3 1.2004
405.6 1.2158
404.89 1.2317
404.19 1.2478
403.49 1.2644
402.79 1.2814
402.09 1.2987
401.39 1.3165
400.69 1.3347
399.99 1.3533
