0.0 0.07743726670742035  0.09764502942562103 
1.0 0.06749854236841202  0.07312119007110596 
2.0 0.061418481171131134  0.06544820219278336 
3.0 0.05357792228460312  0.05983003228902817 
4.0 0.050741881132125854  0.05528729036450386 
5.0 0.0503348708152771  0.05211189016699791 
6.0 0.05225473269820213  0.04966562241315842 
7.0 0.044972945004701614  0.04869265854358673 
8.0 0.045694198459386826  0.04723617807030678 
9.0 0.048180121928453445  0.04533678665757179 
10.0 0.044875551015138626  0.04321156069636345 
11.0 0.048795513808727264  0.04216146096587181 
12.0 0.04227109253406525  0.04058685153722763 
13.0 0.03809497132897377  0.039451442658901215 
14.0 0.04081779718399048  0.03897154703736305 
15.0 0.031414445489645004  0.03730086237192154 
16.0 0.04261138662695885  0.03577075153589249 
17.0 0.04004446417093277  0.03541307896375656 
18.0 0.03630601242184639  0.034594327211380005 
19.0 0.03439084067940712  0.03300762549042702 
20.0 0.029269814491271973  0.03227168321609497 
21.0 0.04037640988826752  0.032139964401721954 
22.0 0.029584717005491257  0.03107457235455513 
23.0 0.025860633701086044  0.029927635565400124 
24.0 0.027480002492666245  0.029236603528261185 
25.0 0.029352715238928795  0.02795141004025936 
26.0 0.023668089881539345  0.028001222759485245 
27.0 0.03270596265792847  0.027078811079263687 
28.0 0.02326427586376667  0.027197465300559998 
29.0 0.025971094146370888  0.026075156405568123 
30.0 0.021390041336417198  0.02616572193801403 
31.0 0.027522660791873932  0.025305749848484993 
32.0 0.030618779361248016  0.02467994950711727 
33.0 0.024381771683692932  0.024599893018603325 
34.0 0.024272428825497627  0.024256397038698196 
35.0 0.021072639152407646  0.024158144369721413 
36.0 0.026491794735193253  0.023437494412064552 
37.0 0.03382787108421326  0.023457802832126617 
38.0 0.02062307670712471  0.022947676479816437 
39.0 0.03519450128078461  0.022993378341197968 
40.0 0.01989937573671341  0.02236870490014553 
41.0 0.02040659449994564  0.02251969464123249 
42.0 0.017927484586834908  0.021863669157028198 
43.0 0.01854388788342476  0.0217712614685297 
44.0 0.02797536365687847  0.021811407059431076 
45.0 0.02219809964299202  0.02131955511868 
46.0 0.019541583955287933  0.0210158359259367 
47.0 0.01897990144789219  0.020740076899528503 
48.0 0.019445855170488358  0.020226577296853065 
49.0 0.02006496675312519  0.019846297800540924 
50.0 0.01718754880130291  0.01990554668009281 
51.0 0.016600852832198143  0.019580749794840813 
52.0 0.01990695111453533  0.020166445523500443 
53.0 0.01823030412197113  0.019519750028848648 
54.0 0.019618578255176544  0.019078155979514122 
55.0 0.015271074138581753  0.01882658526301384 
56.0 0.027625247836112976  0.018883487209677696 
57.0 0.017159193754196167  0.018714288249611855 
58.0 0.021390484645962715  0.01845797337591648 
59.0 0.014928069896996021  0.019015541300177574 
60.0 0.01499973889440298  0.01744205504655838 
61.0 0.016373286023736  0.01769489422440529 
62.0 0.015195406042039394  0.017994966357946396 
63.0 0.02064615488052368  0.017558900639414787 
64.0 0.018375713378190994  0.017503712326288223 
65.0 0.014107619412243366  0.017215287312865257 
66.0 0.017665376886725426  0.01707400754094124 
67.0 0.013830680400133133  0.0166034959256649 
68.0 0.013642210513353348  0.017099833115935326 
69.0 0.015246103517711163  0.016987014561891556 
70.0 0.014796105213463306  0.01691221445798874 
71.0 0.015138974413275719  0.016374604776501656 
72.0 0.015775931999087334  0.016184961423277855 
73.0 0.013533971272408962  0.016130436211824417 
74.0 0.014758896082639694  0.016226081177592278 
75.0 0.01623811572790146  0.01584284007549286 
76.0 0.013529022224247456  0.015944337472319603 
77.0 0.014766469597816467  0.01598186604678631 
78.0 0.014679466374218464  0.015692759305238724 
79.0 0.013727625831961632  0.015535986982285976 
80.0 0.012469789013266563  0.015428764745593071 
81.0 0.017634008079767227  0.015663625672459602 
82.0 0.012446420267224312  0.01527037750929594 
83.0 0.01412943284958601  0.015340466052293777 
84.0 0.01335445698350668  0.015364572405815125 
85.0 0.014105688780546188  0.01501573994755745 
86.0 0.013068375177681446  0.015630342066287994 
87.0 0.021974539384245872  0.015151577070355415 
88.0 0.017522646114230156  0.014839302748441696 
89.0 0.011987204663455486  0.01504216343164444 
90.0 0.011529317125678062  0.014723634347319603 
91.0 0.012203128077089787  0.014939997345209122 
92.0 0.013218884356319904  0.014973040670156479 
93.0 0.012361645698547363  0.014787591993808746 
94.0 0.014256175607442856  0.014150075614452362 
95.0 0.011070062406361103  0.014625350013375282 
96.0 0.014403477311134338  0.014641594141721725 
97.0 0.013398868031799793  0.014125843532383442 
98.0 0.012804163619875908  0.014049324207007885 
99.0 0.012074794620275497  0.014761489816009998 
100.0 0.01329171285033226  0.01358114369213581 
101.0 0.013475969433784485  0.014173291623592377 
102.0 0.01681707240641117  0.013789169490337372 
103.0 0.01837073639035225  0.014137706719338894 
104.0 0.011651690118014812  0.01383401919156313 
105.0 0.012941248714923859  0.013608510605990887 
106.0 0.013182641007006168  0.013836480677127838 
107.0 0.011845104396343231  0.013862169347703457 
108.0 0.010947419330477715  0.013443040661513805 
109.0 0.011381443589925766  0.013671601191163063 
110.0 0.010946305468678474  0.013073825277388096 
111.0 0.01233782060444355  0.013604884035885334 
112.0 0.014450757764279842  0.01328937616199255 
113.0 0.01187879964709282  0.013558201491832733 
114.0 0.011461254209280014  0.013114592991769314 
115.0 0.01145424135029316  0.013284659944474697 
116.0 0.011196408420801163  0.013380561955273151 
117.0 0.009705523028969765  0.013204914517700672 
118.0 0.010291707701981068  0.012688038870692253 
119.0 0.012292027473449707  0.013414209708571434 
120.0 0.012796101160347462  0.012813678942620754 
121.0 0.016454508528113365  0.012877223081886768 
122.0 0.01655621826648712  0.013103724457323551 
123.0 0.015997789800167084  0.012962072156369686 
124.0 0.009718868881464005  0.013237995095551014 
125.0 0.009783616289496422  0.013039331883192062 
126.0 0.019052907824516296  0.012658401392400265 
127.0 0.01068513561040163  0.012404127046465874 
128.0 0.012015403248369694  0.012478489428758621 
129.0 0.0111991660669446  0.012774141505360603 
130.0 0.016287924721837044  0.0126662477850914 
131.0 0.0133650042116642  0.01317556295543909 
132.0 0.010145297273993492  0.012436186894774437 
133.0 0.011633416637778282  0.012151851318776608 
134.0 0.010921146720647812  0.012641211971640587 
135.0 0.010504527948796749  0.01215841993689537 
136.0 0.02191675454378128  0.012055202387273312 
137.0 0.009919499978423119  0.012718565762043 
