0.0 0.07922389358282089  0.1150774136185646 
1.0 0.05733116716146469  0.06467346101999283 
2.0 0.057426776736974716  0.05203624069690704 
3.0 0.04940017685294151  0.046897780150175095 
4.0 0.04701761156320572  0.04380405694246292 
5.0 0.04658842831850052  0.04167437180876732 
6.0 0.044258687645196915  0.0399831160902977 
7.0 0.040913842618465424  0.0387745127081871 
8.0 0.04110420495271683  0.03761545196175575 
9.0 0.03618235886096954  0.036473002284765244 
10.0 0.04025845229625702  0.03519466146826744 
11.0 0.03356803581118584  0.034609392285346985 
12.0 0.033972401171922684  0.033581215888261795 
13.0 0.03550635278224945  0.03254875913262367 
14.0 0.03304116800427437  0.031823981553316116 
15.0 0.04134203866124153  0.03092331252992153 
16.0 0.029750173911452293  0.029635930433869362 
17.0 0.028299931436777115  0.0288550965487957 
18.0 0.03216138482093811  0.028129739686846733 
19.0 0.03144538030028343  0.027093039825558662 
20.0 0.028892679139971733  0.02605118788778782 
21.0 0.024404335767030716  0.0255978275090456 
22.0 0.03975814953446388  0.024962177500128746 
23.0 0.032294970005750656  0.02380254678428173 
24.0 0.02722175233066082  0.023454995825886726 
25.0 0.02879001572728157  0.02310141734778881 
26.0 0.03822040185332298  0.0217836182564497 
27.0 0.020702585577964783  0.022000068798661232 
28.0 0.032799456268548965  0.021399231627583504 
29.0 0.04030914232134819  0.02084508165717125 
30.0 0.022079557180404663  0.020327771082520485 
31.0 0.019952256232500076  0.019882747903466225 
32.0 0.017496271058917046  0.019347013905644417 
33.0 0.02568705379962921  0.018875207751989365 
34.0 0.01786920055747032  0.018733950331807137 
35.0 0.024475669488310814  0.018099142238497734 
36.0 0.033677853643894196  0.018083030357956886 
37.0 0.0285065658390522  0.01798546127974987 
38.0 0.02025538496673107  0.017234865576028824 
39.0 0.025574496015906334  0.01686416193842888 
40.0 0.01567048393189907  0.017145533114671707 
41.0 0.019309094175696373  0.016622228547930717 
42.0 0.03300601989030838  0.01641538366675377 
43.0 0.03372722491621971  0.01614786498248577 
44.0 0.01736327074468136  0.015948694199323654 
45.0 0.026610830798745155  0.015424479730427265 
46.0 0.02349303662776947  0.01555483229458332 
47.0 0.02218913659453392  0.01503486093133688 
48.0 0.02287670597434044  0.014990335330367088 
49.0 0.026897182688117027  0.014758594334125519 
50.0 0.014774159528315067  0.014532072469592094 
51.0 0.02274555340409279  0.014453901909291744 
52.0 0.025555836036801338  0.014064091257750988 
53.0 0.013460816815495491  0.014280954375863075 
54.0 0.015071319416165352  0.013704400509595871 
55.0 0.01674310304224491  0.013594657182693481 
56.0 0.012960716150701046  0.013653813861310482 
57.0 0.01455980259925127  0.013367156498134136 
58.0 0.01575200818479061  0.013294246979057789 
59.0 0.02009086310863495  0.013124567456543446 
60.0 0.014362501911818981  0.013221883215010166 
61.0 0.01264172699302435  0.013017377816140652 
62.0 0.019483434036374092  0.012653148733079433 
63.0 0.012344907969236374  0.012879244051873684 
64.0 0.023806678131222725  0.01265640091150999 
65.0 0.012642732821404934  0.01255691610276699 
66.0 0.02502935752272606  0.012712345458567142 
67.0 0.014126590453088284  0.0124188968911767 
68.0 0.017916567623615265  0.012213597074151039 
69.0 0.025433607399463654  0.012183679267764091 
70.0 0.012827171012759209  0.012213625945150852 
71.0 0.0112061258405447  0.011916552670300007 
72.0 0.0218962449580431  0.011834320612251759 
73.0 0.015885433182120323  0.011830098927021027 
74.0 0.011686231009662151  0.011686794459819794 
75.0 0.012358738109469414  0.011480879969894886 
76.0 0.011491724289953709  0.01143869198858738 
77.0 0.022036701440811157  0.011443652212619781 
78.0 0.010848253034055233  0.011179839260876179 
79.0 0.024159874767065048  0.011230778880417347 
80.0 0.02317981608211994  0.011193502694368362 
81.0 0.011675244197249413  0.011058025062084198 
82.0 0.027625354006886482  0.011254158802330494 
83.0 0.02747495286166668  0.010892770253121853 
84.0 0.011386719532310963  0.011138569563627243 
85.0 0.013965355232357979  0.01084220502525568 
86.0 0.013719412498176098  0.010724406689405441 
87.0 0.025697220116853714  0.01071601640433073 
88.0 0.017672846093773842  0.01071407925337553 
89.0 0.013551593758165836  0.010902068577706814 
90.0 0.020682038739323616  0.01038700994104147 
91.0 0.016798967495560646  0.010654633864760399 
92.0 0.011547062546014786  0.010304865427315235 
93.0 0.01474800705909729  0.010208276100456715 
94.0 0.010636920109391212  0.01036075409501791 
95.0 0.009918582625687122  0.010457100346684456 
96.0 0.00959006231278181  0.009995326399803162 
97.0 0.025790944695472717  0.009899294003844261 
98.0 0.018571237102150917  0.010120443999767303 
99.0 0.010485525242984295  0.010251697152853012 
100.0 0.010881425812840462  0.009916138835251331 
101.0 0.02097947895526886  0.009942281059920788 
102.0 0.013087654486298561  0.009985893033444881 
103.0 0.009606554172933102  0.009660528972744942 
104.0 0.009020812809467316  0.009448887780308723 
105.0 0.008712191134691238  0.009578835219144821 
106.0 0.017891330644488335  0.0094697130843997 
107.0 0.024783579632639885  0.009549095295369625 
108.0 0.016447581350803375  0.0096038319170475 
109.0 0.018311547115445137  0.00944808404892683 
110.0 0.015447909943759441  0.009366234764456749 
111.0 0.0210556797683239  0.009531304240226746 
112.0 0.023539794608950615  0.009381914511322975 
113.0 0.00969693623483181  0.009225238114595413 
114.0 0.011329876258969307  0.00907130166888237 
115.0 0.013878540135920048  0.009329123422503471 
116.0 0.018691886216402054  0.00909449066966772 
117.0 0.008709166198968887  0.008979669772088528 
118.0 0.008575032465159893  0.009309295564889908 
119.0 0.018794624134898186  0.008865147829055786 
120.0 0.00866961944848299  0.009139148518443108 
121.0 0.012672358192503452  0.009012502618134022 
122.0 0.009805729612708092  0.008953234180808067 
123.0 0.010087249800562859  0.008930251933634281 
124.0 0.012719323858618736  0.008794703520834446 
125.0 0.013090511783957481  0.008797219023108482 
126.0 0.008189345709979534  0.00858903769403696 
127.0 0.01061104517430067  0.008726074360311031 
128.0 0.01213828194886446  0.008669574744999409 
129.0 0.009230761788785458  0.008562573231756687 
130.0 0.008062186650931835  0.008597629144787788 
131.0 0.011016487143933773  0.00842750258743763 
132.0 0.010090485215187073  0.008482242934405804 
133.0 0.008405517786741257  0.008354555815458298 
134.0 0.01344896201044321  0.008315003477036953 
135.0 0.029092060402035713  0.008402803912758827 
136.0 0.010526035912334919  0.00853692926466465 
137.0 0.011037287302315235  0.00822973158210516 
138.0 0.007931366562843323  0.008429552428424358 
139.0 0.011254334822297096  0.007955753244459629 
140.0 0.012898542918264866  0.0082389572635293 
141.0 0.007772189099341631  0.008196787908673286 
142.0 0.01579221710562706  0.008139067329466343 
143.0 0.0079201590269804  0.008017919026315212 
144.0 0.009144316427409649  0.007983279414474964 
145.0 0.00802411325275898  0.007953286170959473 
146.0 0.00978766568005085  0.008077386766672134 
147.0 0.011802171356976032  0.007924973964691162 
148.0 0.012975393794476986  0.008043639361858368 
149.0 0.008156562224030495  0.008030612953007221 
150.0 0.012970244511961937  0.007829171605408192 
151.0 0.013875661417841911  0.007895085960626602 
152.0 0.007429073564708233  0.008153526112437248 
153.0 0.012947534210979939  0.007745751179754734 
154.0 0.007038898766040802  0.007652479689568281 
155.0 0.00865151733160019  0.007529284339398146 
156.0 0.008502707816660404  0.007673203945159912 
157.0 0.011643976904451847  0.007560086436569691 
158.0 0.007364644668996334  0.007671032566577196 
159.0 0.0077850595116615295  0.007617615163326263 
160.0 0.008582388050854206  0.007725202944129705 
161.0 0.008443787693977356  0.007450315169990063 
162.0 0.007596619427204132  0.007588711101561785 
163.0 0.007206265814602375  0.007493368349969387 
164.0 0.009961902163922787  0.007640830706804991 
165.0 0.00830342248082161  0.007549264933913946 
166.0 0.0142444409430027  0.007471292745321989 
167.0 0.006887868512421846  0.007452540099620819 
168.0 0.007350977975875139  0.007566288113594055 
169.0 0.007118429057300091  0.007362768054008484 
170.0 0.012657036073505878  0.007219708990305662 
171.0 0.0074789091013371944  0.007636739872395992 
172.0 0.006849116180092096  0.007232793606817722 
173.0 0.006926816422492266  0.007595272734761238 
174.0 0.012535802088677883  0.007269695866852999 
175.0 0.006361863575875759  0.007467499002814293 
176.0 0.007222815882414579  0.007022187579423189 
177.0 0.013532222248613834  0.007176057435572147 
178.0 0.008673942647874355  0.0071867723017930984 
179.0 0.007860013283789158  0.007087009493261576 
180.0 0.007041158154606819  0.007191643584519625 
181.0 0.008159428834915161  0.007072805892676115 
182.0 0.008709568530321121  0.007022596895694733 
183.0 0.0071097142063081264  0.006894904654473066 
184.0 0.00812437292188406  0.0071893841959536076 
185.0 0.006412857677787542  0.00699082063511014 
186.0 0.010403639636933804  0.007005091290920973 
187.0 0.012523666024208069  0.006867190357297659 
188.0 0.011367591097950935  0.00691058998927474 
189.0 0.007475185673683882  0.007074637804180384 
190.0 0.006394997704774141  0.006730839144438505 
191.0 0.011038732714951038  0.006873533595353365 
192.0 0.0072176577523350716  0.006867259740829468 
193.0 0.010744970291852951  0.0069682109169662 
194.0 0.006864508613944054  0.006894557271152735 
195.0 0.007058574352413416  0.006629337090998888 
