0.0 0.004309022333472967  0.032734956592321396 
1.0 0.0022426340728998184  0.0028533132281154394 
2.0 0.0014908196171745658  0.0016926806420087814 
3.0 0.0014479205710813403  0.0012029340723529458 
4.0 0.0011088376631960273  0.0009729048470035195 
5.0 0.0008948176982812583  0.0008332713623531163 
6.0 0.001051502418704331  0.0007309269276447594 
7.0 0.0008176170522347093  0.0006645082030445337 
8.0 0.000628865382168442  0.0006029871292412281 
9.0 0.00044591151527129114  0.0005573166417889297 
10.0 0.0005663251504302025  0.0005171120283193886 
11.0 0.0005449678865261376  0.0004886069800704718 
12.0 0.0006570859113708138  0.0004597149381879717 
13.0 0.00057691999245435  0.0004326928174123168 
14.0 0.000611146620940417  0.0004088387358933687 
15.0 0.0006077922298572958  0.00039331617881543934 
16.0 0.0005737356841564178  0.00037557887844741344 
17.0 0.0008099200204014778  0.0003612669534049928 
18.0 0.00048147927736863494  0.00034321731072850525 
19.0 0.0004604641580954194  0.0003317491209600121 
20.0 0.00040444941259920597  0.00031821857555769384 
21.0 0.0007415792206302285  0.0003133393474854529 
22.0 0.0006761439726687968  0.00029964634450152516 
23.0 0.0007784096524119377  0.00029099086532369256 
24.0 0.00042740348726511  0.0002805841504596174 
25.0 0.0006635781028307974  0.0002763977972790599 
26.0 0.00033458604593761265  0.0002680581237655133 
27.0 0.0003492725663818419  0.0002606001798994839 
28.0 0.00027799204690381885  0.0002524283772800118 
29.0 0.0002744498779065907  0.0002475934161338955 
30.0 0.0004530857258941978  0.0002407852589385584 
31.0 0.0007561555248685181  0.00023533302010037005 
32.0 0.00041715078987181187  0.0002291843411512673 
33.0 0.0004998384392820299  0.00022537578479386866 
34.0 0.00027194645372219384  0.00022501760395243764 
35.0 0.000719080853741616  0.00021436650422401726 
36.0 0.0003735938807949424  0.00021202847710810602 
37.0 0.0005600529839284718  0.00020897686772514135 
38.0 0.0009137660963460803  0.0002044405700871721 
39.0 0.0007242188439704478  0.00020132912322878838 
40.0 0.000275628874078393  0.0001948048738995567 
41.0 0.0003707029391080141  0.00019424507627263665 
42.0 0.0002463184355292469  0.00019288566545583308 
43.0 0.00017590912466403097  0.00018778894445858896 
44.0 0.00043872377136722207  0.00018376675143372267 
45.0 0.00019993311434518546  0.0001824325299821794 
46.0 0.00018655740132089704  0.00018014435772784054 
47.0 0.00016680685803294182  0.00017676666902843863 
48.0 0.00023834228341002017  0.0001728878851281479 
49.0 0.00026773251011036336  0.00017044910055119544 
50.0 0.0003617040056269616  0.00016944330127444118 
51.0 0.0003078697482123971  0.00016617204528301954 
52.0 0.00027803832199424505  0.00016376101120840758 
53.0 0.0004697152180597186  0.00016290305939037353 
54.0 0.00046428569476120174  0.00016005152428988367 
55.0 0.00044251835788600147  0.00015828732284717262 
56.0 0.0001934492029249668  0.00015679214266128838 
57.0 0.00020706348004750907  0.00015387362509500235 
58.0 0.0002469337487127632  0.0001539605436846614 
59.0 0.00022888400417286903  0.00015064954641275108 
60.0 0.00041584219434298575  0.00014969187031965703 
61.0 0.00030540156876668334  0.00014727230882272124 
62.0 0.00013540165673475713  0.00014696850848849863 
63.0 0.00037200411316007376  0.00014390680007636547 
64.0 0.00027753846370615065  0.00014326869859360158 
65.0 0.0003797217214014381  0.0001411300472682342 
66.0 0.00027001393027603626  0.00013884114741813391 
67.0 0.0003848492633551359  0.0001388430391671136 
68.0 0.00014700551400892437  0.00013883938663639128 
69.0 0.00012422741565387696  0.0001369022356811911 
70.0 0.00013504232629202306  0.00013540622603613883 
71.0 0.00036324188113212585  0.00013342891179490834 
72.0 0.0003568942775018513  0.00013159652007743716 
73.0 0.00035296412534080446  0.00013143189426045865 
74.0 0.00014962539717089385  0.00013038289034739137 
75.0 0.0002643716288730502  0.00012855273962486535 
76.0 0.00027489603962749243  0.0001288192142965272 
77.0 0.0002008311712415889  0.00012771770707331598 
78.0 0.00026689658989198506  0.00012542310287244618 
79.0 0.00015182509378064424  0.00012480020814109594 
80.0 0.0002886597067117691  0.0001236978714587167 
81.0 0.00013241259148344398  0.00012343506386969239 
82.0 0.00013067631516605616  0.00012154827709309757 
83.0 0.00020916353969369084  0.00012037129636155441 
84.0 0.00014594201638828963  0.00012015212269034237 
85.0 0.0002012480254052207  0.00011903666018042713 
86.0 0.00012888437777291983  0.00011847084533656016 
87.0 0.00015804670692887157  0.00011601181904552504 
88.0 0.00014469547022599727  0.00011646524217212573 
89.0 0.0001398760941810906  0.00011471493053250015 
