0.0 0.06827367097139359  0.12845249474048615 
1.0 0.04064545780420303  0.05090828239917755 
2.0 0.033300865441560745  0.03643883019685745 
3.0 0.02883436344563961  0.03099970892071724 
4.0 0.027443911880254745  0.028197551146149635 
5.0 0.026036156341433525  0.026521680876612663 
6.0 0.02401106059551239  0.02521779015660286 
7.0 0.023062190040946007  0.024083180353045464 
8.0 0.023327292874455452  0.023080013692378998 
9.0 0.0256753321737051  0.022290920838713646 
10.0 0.024448828771710396  0.021597588434815407 
11.0 0.027595991268754005  0.020899370312690735 
12.0 0.02321874164044857  0.020140593871474266 
13.0 0.02636651135981083  0.019376197829842567 
14.0 0.024237465113401413  0.018691061064600945 
15.0 0.02217777818441391  0.01799795962870121 
16.0 0.027340250089764595  0.017396116629242897 
17.0 0.025633934885263443  0.016939319670200348 
18.0 0.02634117566049099  0.016505304723978043 
19.0 0.023028533905744553  0.016106322407722473 
20.0 0.021971561014652252  0.015586731024086475 
21.0 0.01915736496448517  0.01506825815886259 
22.0 0.0191978570073843  0.014515255577862263 
23.0 0.016199035570025444  0.013917741365730762 
24.0 0.014497618190944195  0.013234497047960758 
25.0 0.012748375535011292  0.011974720284342766 
26.0 0.014613225124776363  0.010946677066385746 
27.0 0.014637027867138386  0.010359366424381733 
28.0 0.013893192633986473  0.009949354454874992 
29.0 0.01793499104678631  0.00968258548527956 
30.0 0.0130906468257308  0.009494947269558907 
31.0 0.012867676094174385  0.009279460646212101 
32.0 0.015512595884501934  0.009131738916039467 
33.0 0.01399744302034378  0.008939276449382305 
34.0 0.012129885144531727  0.008770148269832134 
35.0 0.012281615287065506  0.008578055538237095 
36.0 0.012621932663023472  0.008442644961178303 
37.0 0.018161971122026443  0.008263013325631618 
38.0 0.010485264472663403  0.00815975945442915 
39.0 0.011154823005199432  0.007955768145620823 
40.0 0.009897928684949875  0.007778312545269728 
41.0 0.009275759570300579  0.0073570748791098595 
42.0 0.007703338749706745  0.00684463931247592 
43.0 0.008268771693110466  0.006451194640249014 
44.0 0.006504565943032503  0.005990882404148579 
45.0 0.005627019796520472  0.005611076019704342 
46.0 0.007693927735090256  0.005311886314302683 
47.0 0.005793862976133823  0.005079733673483133 
48.0 0.007161800283938646  0.0048263343051075935 
49.0 0.004400505684316158  0.004680305253714323 
50.0 0.004728072322905064  0.004527616314589977 
51.0 0.005616429261863232  0.0043944427743554115 
52.0 0.00447330716997385  0.004309614654630423 
53.0 0.004223913419991732  0.004185596015304327 
54.0 0.004145808983594179  0.004073226824402809 
55.0 0.004064358305186033  0.004018391016870737 
56.0 0.0050652725622057915  0.003938076552003622 
57.0 0.004028669558465481  0.003884318983182311 
58.0 0.004288631025701761  0.003801151877269149 
59.0 0.004216668661683798  0.003733568824827671 
60.0 0.004436946474015713  0.003671799087896943 
61.0 0.004448563326150179  0.003604999976232648 
62.0 0.003984266892075539  0.0035657905973494053 
63.0 0.0038747114595025778  0.0035148749593645334 
64.0 0.003844326362013817  0.003455396741628647 
65.0 0.00377619918435812  0.00342588615603745 
66.0 0.0037293515633791685  0.0033547391649335623 
67.0 0.0037224830593913794  0.003321837866678834 
68.0 0.003489486174657941  0.0032864767126739025 
69.0 0.003547006519511342  0.0032395445741713047 
70.0 0.003527581226080656  0.0031907190568745136 
71.0 0.00316558382473886  0.0031644145492464304 
72.0 0.00317976251244545  0.0031091587152332067 
73.0 0.00347850751131773  0.0030945297330617905 
74.0 0.0028723455034196377  0.0030334340408444405 
75.0 0.003016805974766612  0.0030263159424066544 
76.0 0.005254023242741823  0.0029816702008247375 
77.0 0.0032005978282541037  0.0029536935035139322 
78.0 0.002859253901988268  0.0029028686694800854 
79.0 0.00323695270344615  0.0028818876016885042 
80.0 0.003965076059103012  0.0028538035694509745 
81.0 0.0038946433924138546  0.0028110279235988855 
82.0 0.003060020273551345  0.0027774707414209843 
83.0 0.0028478666208684444  0.0027449384797364473 
84.0 0.0027393444906920195  0.002723519690334797 
85.0 0.0029749374371021986  0.0026991500053554773 
86.0 0.0035513914190232754  0.0026667220517992973 
87.0 0.003283807309344411  0.0026759780012071133 
88.0 0.0042845760472118855  0.002618228318169713 
89.0 0.0034386334009468555  0.0025963219814002514 
90.0 0.004233028274029493  0.0025845582131296396 
91.0 0.0029318691231310368  0.0025653091724961996 
92.0 0.0073570366948843  0.0025626029819250107 
93.0 0.002889423631131649  0.002533766906708479 
94.0 0.0030906854663044214  0.002496562898159027 
95.0 0.0036687934771180153  0.0024808798916637897 
96.0 0.008354774676263332  0.002479762304574251 
97.0 0.0028189420700073242  0.0024532743263989687 
98.0 0.0030840605031698942  0.0024216510355472565 
99.0 0.003003894817084074  0.0024352874606847763 
100.0 0.003202446736395359  0.0023908931761980057 
101.0 0.0031362376175820827  0.0023841476067900658 
102.0 0.003121896181255579  0.0023666901979595423 
103.0 0.002663383726030588  0.002344797132536769 
104.0 0.003732634475454688  0.0023199564311653376 
105.0 0.002763360971584916  0.0023140436969697475 
106.0 0.003558338386937976  0.002297458238899708 
107.0 0.0030197955202311277  0.002272707410156727 
108.0 0.0030886095482856035  0.002272087847813964 
109.0 0.00461508147418499  0.0022534190211445093 
110.0 0.0027412651106715202  0.002228188794106245 
111.0 0.0026793223805725574  0.002220199443399906 
112.0 0.002657955279573798  0.0022080454509705305 
113.0 0.002523189876228571  0.0021892052609473467 
114.0 0.002560378983616829  0.0021924194879829884 
115.0 0.00274019967764616  0.0021678139455616474 
116.0 0.0027979074511677027  0.0021555761341005564 
117.0 0.0030129062943160534  0.002154150977730751 
118.0 0.0027233981527388096  0.002119239652529359 
119.0 0.002696538344025612  0.0021188566461205482 
120.0 0.0023297490552067757  0.002099664881825447 
121.0 0.002368694869801402  0.0021056709811091423 
122.0 0.002298064762726426  0.002084817038848996 
123.0 0.00236154324375093  0.0020732360426336527 
124.0 0.0027582503389567137  0.002064001513645053 
125.0 0.002222963608801365  0.002044533845037222 
126.0 0.0020862871315330267  0.00204200460575521 
127.0 0.0020738583989441395  0.0020227141212671995 
128.0 0.002205837517976761  0.002021845430135727 
129.0 0.002161281881853938  0.0020096516236662865 
130.0 0.0020381358917802572  0.0019958005286753178 
131.0 0.0019899215549230576  0.001988907577469945 
132.0 0.0020962196867913008  0.001980406232178211 
133.0 0.0020141941495239735  0.001964207738637924 
134.0 0.0020204056054353714  0.001963311107829213 
135.0 0.0019874402787536383  0.0019445930374786258 
136.0 0.0020654327236115932  0.001953253522515297 
137.0 0.001978812040761113  0.001935939071699977 
138.0 0.0020019712392240763  0.0019202198600396514 
139.0 0.0018710005097091198  0.0019198621157556772 
140.0 0.004161124117672443  0.0019353061215952039 
141.0 0.002108991611748934  0.0019045103108510375 
142.0 0.002352061914280057  0.001907828962430358 
143.0 0.0021468624472618103  0.001893777516670525 
144.0 0.002545597730204463  0.00188280432485044 
145.0 0.004378231707960367  0.001892333384603262 
146.0 0.0022948691621422768  0.0018755211494863033 
147.0 0.00228913314640522  0.0018562307814136147 
148.0 0.00371174281463027  0.0018700017826631665 
149.0 0.002782916883006692  0.0018457438563928008 
150.0 0.002006678842008114  0.0018300918163731694 
151.0 0.0071348147466778755  0.0018601965857669711 
152.0 0.002180032664909959  0.0018106797942891717 
153.0 0.0022674882784485817  0.0018179294420406222 
154.0 0.0021304350811988115  0.0018084808252751827 
155.0 0.002222666284069419  0.001799491816200316 
156.0 0.0036249724216759205  0.001805791282095015 
157.0 0.0020089279860258102  0.0017813852755352855 
158.0 0.006715406198054552  0.0018098981818184257 
159.0 0.003314589150249958  0.0017768637044355273 
