0.0 0.08536463975906372  0.10058806836605072 
1.0 0.06946250051259995  0.0765213742852211 
2.0 0.06276034563779831  0.06710875034332275 
3.0 0.059122223407030106  0.06170998886227608 
4.0 0.05513465777039528  0.05755366012454033 
5.0 0.05553094297647476  0.05428296700119972 
6.0 0.05981496348977089  0.05220993235707283 
7.0 0.054738909006118774  0.049791332334280014 
8.0 0.043530192226171494  0.047919243574142456 
9.0 0.04480823129415512  0.046123895794153214 
10.0 0.05433376878499985  0.044918242841959 
11.0 0.04796488955616951  0.04388099163770676 
12.0 0.06447810679674149  0.04213236644864082 
13.0 0.0390668623149395  0.04196450114250183 
14.0 0.04044504463672638  0.040101297199726105 
15.0 0.04490559920668602  0.03850266709923744 
16.0 0.034752972424030304  0.0377235934138298 
17.0 0.03241798281669617  0.037095166742801666 
18.0 0.029604511335492134  0.03505838289856911 
19.0 0.0437200553715229  0.03526567667722702 
20.0 0.03857653960585594  0.03421708568930626 
21.0 0.037282999604940414  0.034295544028282166 
22.0 0.028307737782597542  0.032641276717185974 
23.0 0.03749675303697586  0.03228786960244179 
24.0 0.035322751849889755  0.031995583325624466 
25.0 0.028109030798077583  0.031601808965206146 
26.0 0.03589121997356415  0.029933299869298935 
27.0 0.03605477884411812  0.029988782480359077 
28.0 0.033133938908576965  0.02968847006559372 
29.0 0.02694733999669552  0.028788940981030464 
30.0 0.03540438786149025  0.02791673131287098 
31.0 0.036169376224279404  0.026625551283359528 
32.0 0.0368616059422493  0.027649827301502228 
33.0 0.029604386538267136  0.026704175397753716 
34.0 0.021726951003074646  0.02591995894908905 
35.0 0.028966279700398445  0.025856243446469307 
36.0 0.02264031581580639  0.025019275024533272 
37.0 0.022404221817851067  0.025306325405836105 
38.0 0.0245022252202034  0.024240504950284958 
39.0 0.027080046012997627  0.023801902309060097 
40.0 0.020969567820429802  0.023398960009217262 
41.0 0.025700634345412254  0.023343833163380623 
42.0 0.02379516512155533  0.02246801182627678 
43.0 0.024560092017054558  0.022287746891379356 
44.0 0.01989184506237507  0.022173583507537842 
45.0 0.03005906008183956  0.021403471007943153 
46.0 0.02198532596230507  0.021046606823801994 
47.0 0.016471918672323227  0.020945928990840912 
48.0 0.02143353968858719  0.020431019365787506 
49.0 0.029241887852549553  0.020013829693198204 
50.0 0.019075749441981316  0.01982400007545948 
51.0 0.018148092553019524  0.019468633458018303 
52.0 0.01857677288353443  0.01947001926600933 
53.0 0.028178559616208076  0.019906261935830116 
54.0 0.030117735266685486  0.019625380635261536 
55.0 0.026389047503471375  0.019460169598460197 
56.0 0.019634366035461426  0.01842954382300377 
57.0 0.023970404639840126  0.01850433088839054 
58.0 0.01773952506482601  0.018489157781004906 
59.0 0.014904615469276905  0.018246203660964966 
60.0 0.018445655703544617  0.017885541543364525 
61.0 0.01632336527109146  0.018607595935463905 
62.0 0.02036277763545513  0.017815371975302696 
63.0 0.022578978911042213  0.017637332901358604 
64.0 0.023882299661636353  0.01740717887878418 
65.0 0.015696711838245392  0.017445307224988937 
66.0 0.016149872913956642  0.017404695972800255 
67.0 0.018924530595541  0.017436057329177856 
68.0 0.020191308110952377  0.01704949140548706 
69.0 0.016770923510193825  0.016878066584467888 
70.0 0.016887273639440536  0.01694299839437008 
71.0 0.015509195625782013  0.01671229489147663 
72.0 0.02264455519616604  0.016835248097777367 
73.0 0.01646626926958561  0.01637500710785389 
74.0 0.018049292266368866  0.016592297703027725 
75.0 0.016459990292787552  0.01626882515847683 
76.0 0.018466701731085777  0.015811119228601456 
77.0 0.013203021138906479  0.01576349325478077 
78.0 0.01679791323840618  0.016052372753620148 
79.0 0.014705851674079895  0.01578812673687935 
80.0 0.020325103774666786  0.015984434634447098 
81.0 0.01327962800860405  0.0156940259039402 
82.0 0.016460683196783066  0.01597987487912178 
83.0 0.020777763798832893  0.015481604263186455 
84.0 0.019205473363399506  0.015458298847079277 
85.0 0.028350409120321274  0.015329103916883469 
86.0 0.01967189647257328  0.015096170827746391 
87.0 0.016917837783694267  0.015108498744666576 
88.0 0.015523066744208336  0.015172931365668774 
89.0 0.012202992103993893  0.014748441986739635 
90.0 0.013416874222457409  0.014956137165427208 
91.0 0.015819450840353966  0.014819123782217503 
92.0 0.015488018281757832  0.014729759655892849 
93.0 0.02614903450012207  0.014372644014656544 
94.0 0.014659569598734379  0.014560239389538765 
95.0 0.012599104084074497  0.014238924719393253 
96.0 0.014476034790277481  0.014057108201086521 
97.0 0.015814345329999924  0.014328601770102978 
98.0 0.023382730782032013  0.014029281213879585 
99.0 0.013130512088537216  0.01408175565302372 
100.0 0.016510702669620514  0.014014778658747673 
101.0 0.011920135468244553  0.013909113593399525 
102.0 0.024216558784246445  0.013860293664038181 
103.0 0.01843753270804882  0.013968759216368198 
104.0 0.011582212522625923  0.014005424454808235 
105.0 0.01414995826780796  0.013665233738720417 
106.0 0.01704929769039154  0.014154027216136456 
107.0 0.014462380670011044  0.013265751302242279 
108.0 0.013412260450422764  0.013430483639240265 
109.0 0.016297565773129463  0.013567419722676277 
110.0 0.01253585983067751  0.013638616539537907 
111.0 0.012288814410567284  0.013113771565258503 
112.0 0.014682634733617306  0.013324492610991001 
113.0 0.012492390349507332  0.01354135386645794 
114.0 0.012284545227885246  0.013607638888061047 
115.0 0.013064482249319553  0.012737046927213669 
116.0 0.013281901367008686  0.012677405960857868 
117.0 0.015853317454457283  0.013322598300874233 
118.0 0.01167677529156208  0.013127680867910385 
119.0 0.011445489712059498  0.013098493218421936 
120.0 0.011284079402685165  0.012903180904686451 
121.0 0.012958532199263573  0.012944563291966915 
122.0 0.01018003560602665  0.012819225899875164 
123.0 0.0145183727145195  0.012498929165303707 
124.0 0.01714600808918476  0.012588022276759148 
125.0 0.012240365147590637  0.012865216471254826 
126.0 0.01990440860390663  0.01216559112071991 
127.0 0.010580513626337051  0.012509217485785484 
128.0 0.0105618080124259  0.01266811229288578 
129.0 0.015548034571111202  0.012514443136751652 
130.0 0.01655592769384384  0.012399302795529366 
131.0 0.009844009764492512  0.012960955500602722 
132.0 0.012075831182301044  0.011835810728371143 
133.0 0.01287451945245266  0.012354962527751923 
134.0 0.015037932433187962  0.012325198389589787 
135.0 0.014633376151323318  0.012148544192314148 
136.0 0.015686163678765297  0.012321172282099724 
137.0 0.010443360544741154  0.012258206494152546 
138.0 0.01208141352981329  0.012082362547516823 
139.0 0.010021382942795753  0.011649793945252895 
140.0 0.014224421232938766  0.012318180873990059 
141.0 0.015205992385745049  0.011326181702315807 
142.0 0.012852073647081852  0.012055664323270321 
143.0 0.009447216056287289  0.012139877304434776 
144.0 0.010933613404631615  0.011697395704686642 
145.0 0.012346947565674782  0.011880863457918167 
146.0 0.011584640480577946  0.012097007595002651 
147.0 0.010492208413779736  0.011695543304085732 
148.0 0.010484717786312103  0.011756264604628086 
149.0 0.009646812453866005  0.011460825800895691 
150.0 0.012441528961062431  0.011432279832661152 
151.0 0.008979628793895245  0.012045313604176044 
152.0 0.018626919016242027  0.011556711047887802 
153.0 0.010547923855483532  0.011165234260261059 
154.0 0.010840740986168385  0.011552312411367893 
155.0 0.018808916211128235  0.011247692629694939 
156.0 0.01353264320641756  0.01102113164961338 
157.0 0.009501578286290169  0.011494322679936886 
158.0 0.013881777413189411  0.011284655891358852 
159.0 0.0099555728957057  0.011185219511389732 
160.0 0.010130483657121658  0.011141466908156872 
161.0 0.008822480216622353  0.01131518092006445 
162.0 0.014627352356910706  0.01098984107375145 
163.0 0.011577848345041275  0.01119198463857174 
164.0 0.010670035146176815  0.011674178764224052 
165.0 0.00938769243657589  0.01097401138395071 
166.0 0.015213997103273869  0.010867255739867687 
167.0 0.012905877083539963  0.010820022784173489 
168.0 0.009889080189168453  0.010830842889845371 
169.0 0.008789078332483768  0.010336978361010551 
170.0 0.010127130895853043  0.011020027101039886 
171.0 0.010455192998051643  0.010742178186774254 
172.0 0.010854387655854225  0.010953065007925034 
173.0 0.01656953990459442  0.010496011935174465 
174.0 0.009424883872270584  0.010724514722824097 
175.0 0.011496461927890778  0.010414929129183292 
176.0 0.01289761159569025  0.010414045304059982 
177.0 0.015164901502430439  0.010743320919573307 
178.0 0.008263927884399891  0.010649959556758404 
179.0 0.011834153905510902  0.01038562785834074 
180.0 0.01416049711406231  0.010427323170006275 
181.0 0.010606489144265652  0.010575060732662678 
182.0 0.008397310972213745  0.010681038722395897 
183.0 0.018989037722349167  0.010459227487444878 
184.0 0.009795992635190487  0.010828505270183086 
185.0 0.012540176510810852  0.010614094324409962 
186.0 0.007553393952548504  0.010138136334717274 
187.0 0.011446209624409676  0.010217993520200253 
188.0 0.008311659097671509  0.01037389412522316 
189.0 0.010595463216304779  0.010562866926193237 
190.0 0.00876791775226593  0.009955300018191338 
191.0 0.009802631102502346  0.010002986527979374 
192.0 0.009213614277541637  0.010031813755631447 
193.0 0.011580300517380238  0.010481825098395348 
194.0 0.013210881501436234  0.009931834414601326 
195.0 0.010160347446799278  0.00989452749490738 
196.0 0.008311090059578419  0.009951439686119556 
197.0 0.012820204719901085  0.01017156895250082 
198.0 0.010754840448498726  0.009830226190388203 
199.0 0.011422975920140743  0.010290349833667278 
