0.0 0.042800046503543854  0.11325777322053909 
1.0 0.031085198745131493  0.034473393112421036 
2.0 0.022710081189870834  0.024875307455658913 
3.0 0.020438509061932564  0.019999654963612556 
4.0 0.019214782863855362  0.017838312312960625 
5.0 0.01969345472753048  0.016390029340982437 
6.0 0.017604345455765724  0.015237819403409958 
7.0 0.015982385724782944  0.014417726546525955 
8.0 0.01551526878029108  0.01380179263651371 
9.0 0.015088493004441261  0.013272801414132118 
10.0 0.015191868878901005  0.012791701592504978 
11.0 0.013024574145674706  0.012423407286405563 
12.0 0.012472426518797874  0.012008773162961006 
13.0 0.01182076521217823  0.011651847511529922 
14.0 0.012629291974008083  0.011342501267790794 
15.0 0.012516435235738754  0.01108153723180294 
16.0 0.011601978912949562  0.010844028554856777 
17.0 0.011420130729675293  0.010588494129478931 
18.0 0.010364808142185211  0.010327393189072609 
19.0 0.011462641879916191  0.010088477283716202 
20.0 0.009991725906729698  0.009861866943538189 
21.0 0.013707545585930347  0.009730808436870575 
22.0 0.01000024750828743  0.009760121814906597 
23.0 0.011527486145496368  0.009474740363657475 
24.0 0.00917004980146885  0.009406551718711853 
25.0 0.010694644413888454  0.00959473755210638 
26.0 0.010490726679563522  0.009348678402602673 
27.0 0.00937215331941843  0.009323514997959137 
28.0 0.010227113962173462  0.009200453758239746 
29.0 0.00958857499063015  0.009076209738850594 
30.0 0.009695262648165226  0.00899500586092472 
31.0 0.015098949894309044  0.008776959963142872 
32.0 0.011248040944337845  0.009365753270685673 
33.0 0.008901297114789486  0.008596210740506649 
34.0 0.012930724769830704  0.008487585932016373 
35.0 0.008858968503773212  0.008696130476891994 
36.0 0.008048729039728642  0.008454536087810993 
37.0 0.011060185730457306  0.008223780430853367 
38.0 0.008326279930770397  0.008019944652915001 
39.0 0.013199719600379467  0.007956194691359997 
40.0 0.01125989481806755  0.00873943418264389 
41.0 0.007962169125676155  0.007986974902451038 
42.0 0.007660143077373505  0.007687488105148077 
43.0 0.0072280787862837315  0.007551304064691067 
44.0 0.0070601655170321465  0.007349562365561724 
45.0 0.006840739864856005  0.0072565539740026 
46.0 0.006478652358055115  0.007128515746444464 
47.0 0.0066778832115232944  0.007015252951532602 
48.0 0.006248294375836849  0.006865794770419598 
49.0 0.006741458084434271  0.00685501703992486 
50.0 0.010446636006236076  0.006741595920175314 
51.0 0.006132324691861868  0.0073717436753213406 
52.0 0.01006236206740141  0.006953244563192129 
53.0 0.008127299137413502  0.007051547989249229 
54.0 0.009087619371712208  0.006577682681381702 
55.0 0.009058235213160515  0.006718327756971121 
56.0 0.009576652199029922  0.00713408412411809 
57.0 0.008642715401947498  0.007769448217004538 
58.0 0.008566904813051224  0.007884147576987743 
59.0 0.009373579174280167  0.007724916096776724 
60.0 0.007972965948283672  0.0076749869622290134 
61.0 0.009733078069984913  0.007451243232935667 
62.0 0.016348926350474358  0.007380134891718626 
63.0 0.007245799992233515  0.0073403227142989635 
64.0 0.007136526517570019  0.0072043766267597675 
65.0 0.007727904710918665  0.006972793955355883 
66.0 0.006580932531505823  0.006956343539059162 
67.0 0.008759514428675175  0.007279626093804836 
68.0 0.010437618009746075  0.006981139071285725 
69.0 0.007100424263626337  0.006730086635798216 
70.0 0.007847807370126247  0.006666010245680809 
71.0 0.014716804027557373  0.0064926352351903915 
