0.0 0.08044210076332092  0.14281068742275238 
1.0 0.04801682382822037  0.06139225885272026 
2.0 0.039356034249067307  0.04425683245062828 
3.0 0.03513822332024574  0.034246109426021576 
4.0 0.03170139342546463  0.02882358618080616 
5.0 0.02670811302959919  0.0261446014046669 
6.0 0.02542552538216114  0.02411736734211445 
7.0 0.02131512761116028  0.022599821910262108 
8.0 0.02088383212685585  0.021298164501786232 
9.0 0.020290615037083626  0.02027560956776142 
10.0 0.018607247620821  0.019345808774232864 
11.0 0.01850053109228611  0.01850712299346924 
12.0 0.018228234723210335  0.017906436696648598 
13.0 0.01870117336511612  0.017407145351171494 
14.0 0.018101347610354424  0.01699109934270382 
15.0 0.01798403635621071  0.016589391976594925 
16.0 0.016924969851970673  0.016243642196059227 
17.0 0.016768425703048706  0.015938617289066315 
18.0 0.01625940389931202  0.01562989503145218 
19.0 0.015922047197818756  0.015398938208818436 
20.0 0.015306415967643261  0.015176785178482533 
21.0 0.01472682598978281  0.01499688159674406 
22.0 0.01443911250680685  0.014777952805161476 
23.0 0.015348666347563267  0.014598364010453224 
24.0 0.015482984483242035  0.014379638247191906 
25.0 0.016430407762527466  0.014192508533596992 
26.0 0.01825571618974209  0.01401514932513237 
27.0 0.0156570915132761  0.013793609105050564 
28.0 0.016207382082939148  0.013564017601311207 
29.0 0.013976212590932846  0.013286388479173183 
30.0 0.01574097014963627  0.012992125935852528 
31.0 0.016050109639763832  0.012759661301970482 
32.0 0.016378924250602722  0.012488971464335918 
33.0 0.012078916653990746  0.012173128314316273 
34.0 0.012693725526332855  0.011823668144643307 
35.0 0.012070772238075733  0.011432485654950142 
36.0 0.012416738085448742  0.010997364297509193 
37.0 0.010249607264995575  0.010602528229355812 
38.0 0.011033712886273861  0.010188491083681583 
39.0 0.009870508685708046  0.009800340980291367 
40.0 0.009684283286333084  0.009466433897614479 
41.0 0.010607867501676083  0.009169350378215313 
42.0 0.012393610551953316  0.00888089183717966 
43.0 0.010322602465748787  0.008636033162474632 
44.0 0.009584794752299786  0.00839539710432291 
45.0 0.009263360872864723  0.008185647428035736 
46.0 0.01045212522149086  0.008036741986870766 
47.0 0.0082984808832407  0.007871784269809723 
48.0 0.008622720837593079  0.007743175141513348 
49.0 0.008301639929413795  0.007604249287396669 
50.0 0.009419912472367287  0.007502093445509672 
51.0 0.008485846221446991  0.007362440228462219 
52.0 0.009291794151067734  0.007310669869184494 
53.0 0.008850913494825363  0.007212342228740454 
54.0 0.009380261413753033  0.007121720351278782 
55.0 0.009230838157236576  0.007058402523398399 
56.0 0.009948412887752056  0.006978370249271393 
57.0 0.010078960098326206  0.006918317172676325 
58.0 0.009523513726890087  0.006849729921668768 
59.0 0.010657047852873802  0.006757494527846575 
60.0 0.009363583289086819  0.0067293900065124035 
61.0 0.010164634324610233  0.006640106905251741 
62.0 0.010386141017079353  0.006587751675397158 
63.0 0.009254255332052708  0.006535918451845646 
64.0 0.009298121556639671  0.006480582989752293 
65.0 0.008861768990755081  0.006438605487346649 
66.0 0.008594292216002941  0.006391548551619053 
67.0 0.007552858907729387  0.00636316230520606 
68.0 0.007118469104170799  0.006300648208707571 
69.0 0.007055457215756178  0.006246667355298996 
70.0 0.007257854100316763  0.0061759622767567635 
71.0 0.007271163165569305  0.006133195012807846 
72.0 0.006949265021830797  0.006088036112487316 
73.0 0.006599285174161196  0.006043478846549988 
74.0 0.0065230256877839565  0.006001072004437447 
75.0 0.006930247880518436  0.005941769108176231 
76.0 0.006500708870589733  0.005906581878662109 
77.0 0.006593029480427504  0.005874737165868282 
78.0 0.00660356180742383  0.005830784328281879 
79.0 0.006731371860951185  0.0057830810546875 
80.0 0.006958589889109135  0.005763744469732046 
81.0 0.007251221686601639  0.005725644063204527 
82.0 0.007444612681865692  0.0056893546134233475 
83.0 0.006434934679418802  0.005646756384521723 
84.0 0.00610740389674902  0.005618744995445013 
85.0 0.006075956393033266  0.005581217352300882 
86.0 0.00594178494066  0.005549357272684574 
87.0 0.006027982570230961  0.0055138226598501205 
88.0 0.005965330637991428  0.005478660576045513 
89.0 0.005871928762644529  0.00545508973300457 
90.0 0.005846037529408932  0.005417549982666969 
91.0 0.005942290648818016  0.005385781638324261 
92.0 0.005773244891315699  0.0053565893322229385 
93.0 0.005687966477125883  0.005322471261024475 
94.0 0.00572365615516901  0.005296128802001476 
95.0 0.005707135424017906  0.0052565522491931915 
96.0 0.005758621729910374  0.005230065900832415 
97.0 0.006021522916853428  0.0051919943653047085 
98.0 0.006348865572363138  0.005168514791876078 
99.0 0.005598436575382948  0.005146436393260956 
100.0 0.00621839240193367  0.005108177661895752 
101.0 0.005643155425786972  0.005092482082545757 
102.0 0.005742482841014862  0.005057712085545063 
103.0 0.006313801743090153  0.005028717685490847 
104.0 0.006054227240383625  0.00500380527228117 
105.0 0.005930353421717882  0.004965496249496937 
106.0 0.0059828064404428005  0.004942421335726976 
107.0 0.006200013216584921  0.0049151224084198475 
108.0 0.006038321182131767  0.004889164585620165 
109.0 0.005947166588157415  0.004862811882048845 
110.0 0.006050746422261  0.004831631667912006 
111.0 0.006327447481453419  0.0048100827261805534 
112.0 0.005734011996537447  0.004791002720594406 
113.0 0.006160443648695946  0.0047540501691401005 
114.0 0.005348543636500835  0.004726850893348455 
115.0 0.005850311368703842  0.00470243813470006 
116.0 0.00596994673833251  0.00468464894220233 
117.0 0.005643211305141449  0.0046519069001078606 
118.0 0.005818399600684643  0.004635549616068602 
119.0 0.005605990532785654  0.004621984902769327 
120.0 0.005667923018336296  0.004582040477544069 
121.0 0.005048292689025402  0.004559334367513657 
122.0 0.005290005821734667  0.004553872160613537 
123.0 0.005370544735342264  0.004522715695202351 
124.0 0.005076889880001545  0.004495691042393446 
125.0 0.005245804786682129  0.004475706722587347 
126.0 0.0050437976606190205  0.004443811252713203 
127.0 0.005068762227892876  0.004428534302860498 
128.0 0.0048617711290717125  0.004400599282234907 
129.0 0.004840618930757046  0.004377343226224184 
130.0 0.004951923154294491  0.004356667399406433 
131.0 0.004787428304553032  0.004334267228841782 
132.0 0.004886440001428127  0.00430923281237483 
133.0 0.004805838689208031  0.004284289665520191 
134.0 0.005365230608731508  0.00427632499486208 
135.0 0.004786498844623566  0.004262560047209263 
136.0 0.00475289998576045  0.004214966669678688 
137.0 0.004874499514698982  0.004196542780846357 
138.0 0.004580190405249596  0.004177477676421404 
139.0 0.004703591112047434  0.004148263018578291 
140.0 0.004503445699810982  0.004124931991100311 
141.0 0.004659597761929035  0.004107103683054447 
142.0 0.00430007791146636  0.004075857810676098 
143.0 0.004642727319151163  0.004051545634865761 
144.0 0.00449335528537631  0.0040346719324588776 
145.0 0.004361145664006472  0.004004760645329952 
146.0 0.004399094730615616  0.00398237956687808 
147.0 0.004221741575747728  0.003972657024860382 
148.0 0.0045404694974422455  0.003937972709536552 
149.0 0.0052008177153766155  0.0038995235227048397 
150.0 0.005518811754882336  0.0038967712316662073 
151.0 0.005596867296844721  0.0038565753493458033 
152.0 0.005588283762335777  0.0038303732872009277 
153.0 0.006209308747202158  0.0037876672577112913 
154.0 0.005937952548265457  0.0037860344164073467 
155.0 0.005789805203676224  0.0037396359257400036 
156.0 0.0058974577113986015  0.003720813663676381 
157.0 0.006324972026050091  0.0036776086781173944 
158.0 0.006447001360356808  0.0036623154301196337 
159.0 0.007681889925152063  0.0036442808341234922 
160.0 0.006894145626574755  0.0035899709910154343 
161.0 0.006950714625418186  0.0035774782299995422 
162.0 0.004975321236997843  0.0035325870849192142 
163.0 0.006469334941357374  0.0035121773835271597 
164.0 0.006153763271868229  0.00347819528542459 
165.0 0.005026434548199177  0.0034646992571651936 
166.0 0.006830298807471991  0.003428489901125431 
167.0 0.006642406806349754  0.003410342847928405 
