0.0 0.10233685374259949  0.1652379184961319 
1.0 0.05963269621133804  0.07383013516664505 
2.0 0.04767419397830963  0.051797542721033096 
3.0 0.042280782014131546  0.04394962638616562 
4.0 0.038074251264333725  0.03946433588862419 
5.0 0.03608196973800659  0.03649253398180008 
6.0 0.03540642932057381  0.03413563221693039 
7.0 0.03316229209303856  0.03227433189749718 
8.0 0.03376459702849388  0.030792634934186935 
9.0 0.031497251242399216  0.02948472462594509 
10.0 0.02956094779074192  0.02836637943983078 
11.0 0.028033632785081863  0.0273653045296669 
12.0 0.027288829907774925  0.026508335024118423 
13.0 0.02619999460875988  0.025662211701273918 
14.0 0.02616162970662117  0.024915926158428192 
15.0 0.024249929934740067  0.024227723479270935 
16.0 0.023597966879606247  0.023556046187877655 
17.0 0.02377362549304962  0.022820405662059784 
18.0 0.02273314632475376  0.0220976360142231 
19.0 0.02357916347682476  0.021378275007009506 
20.0 0.02321813814342022  0.020551027730107307 
21.0 0.022157907485961914  0.019612455740571022 
22.0 0.020008781924843788  0.01823459565639496 
23.0 0.02040225826203823  0.017162665724754333 
24.0 0.01907828263938427  0.01634659245610237 
25.0 0.016701487824320793  0.015803193673491478 
26.0 0.017552411183714867  0.015320288948714733 
27.0 0.018546953797340393  0.014894814230501652 
28.0 0.01746506616473198  0.014540082775056362 
29.0 0.01695779711008072  0.014260753989219666 
30.0 0.01631242036819458  0.013937102630734444 
31.0 0.015790898352861404  0.013731861487030983 
32.0 0.01620234176516533  0.013482791371643543 
33.0 0.014221055433154106  0.01322684995830059 
34.0 0.014760855585336685  0.013053203001618385 
35.0 0.014807409606873989  0.012847546488046646 
36.0 0.013975047506392002  0.01265468169003725 
37.0 0.013560174964368343  0.012412205338478088 
38.0 0.01358774770051241  0.012214354239404202 
39.0 0.01264707837253809  0.011999616399407387 
40.0 0.012898626737296581  0.011837105266749859 
41.0 0.012281164526939392  0.01168723963201046 
42.0 0.015576707199215889  0.011490210890769958 
43.0 0.013670079410076141  0.01138454768806696 
44.0 0.01392511185258627  0.011256143450737 
45.0 0.011966804973781109  0.011072392575442791 
46.0 0.01160096563398838  0.010969835333526134 
47.0 0.012270606122910976  0.010866696946322918 
48.0 0.01212198007851839  0.01076008565723896 
49.0 0.011971172876656055  0.01066147442907095 
50.0 0.010427496396005154  0.010548686608672142 
51.0 0.010170480236411095  0.010463766753673553 
52.0 0.010907294228672981  0.010318155400454998 
53.0 0.01088680699467659  0.010284178890287876 
54.0 0.009681690484285355  0.010113682597875595 
55.0 0.010045659728348255  0.010019554756581783 
56.0 0.010467571206390858  0.009874219074845314 
57.0 0.009410813450813293  0.00974676851183176 
58.0 0.010198268108069897  0.00970644224435091 
59.0 0.011795543134212494  0.009506262838840485 
60.0 0.009840569458901882  0.009335602633655071 
61.0 0.009991476312279701  0.00915946438908577 
62.0 0.009708111174404621  0.00910490844398737 
63.0 0.009211097843945026  0.009029234759509563 
64.0 0.008546114899218082  0.008853520266711712 
65.0 0.010000078938901424  0.008783011697232723 
66.0 0.00987954530864954  0.00876373890787363 
67.0 0.009027292020618916  0.008553820662200451 
68.0 0.010070600546896458  0.008493468165397644 
69.0 0.011260374449193478  0.00846973154693842 
70.0 0.009112440049648285  0.008198658935725689 
71.0 0.00888499990105629  0.0082477405667305 
72.0 0.008655734360218048  0.008043680340051651 
73.0 0.010038317181169987  0.008084440603852272 
74.0 0.008381273597478867  0.007900817319750786 
75.0 0.008995624259114265  0.007830335758626461 
76.0 0.008161143399775028  0.007783139124512672 
77.0 0.008823697455227375  0.007628741208463907 
78.0 0.007745312061160803  0.007632238790392876 
79.0 0.007025931961834431  0.007558539509773254 
80.0 0.009065496735274792  0.007649627048522234 
81.0 0.006728423293679953  0.00730372266843915 
82.0 0.008985612541437149  0.007442910689860582 
83.0 0.00786925945430994  0.007398886140435934 
84.0 0.008524575270712376  0.007271232549101114 
85.0 0.006752890534698963  0.007285402622073889 
86.0 0.007184779271483421  0.007228352595120668 
87.0 0.007454045582562685  0.007186980918049812 
88.0 0.007574237417429686  0.007045338861644268 
89.0 0.006664829328656197  0.007106842007488012 
90.0 0.005890637170523405  0.00710295420140028 
91.0 0.007554483599960804  0.006872094236314297 
92.0 0.006223532371222973  0.006926257163286209 
93.0 0.006411146372556686  0.0069017233327031136 
94.0 0.007331165485084057  0.00695766182616353 
95.0 0.005902044475078583  0.006749536842107773 
96.0 0.005656579043716192  0.006739199161529541 
97.0 0.008366246707737446  0.0075326943770051 
98.0 0.008381933905184269  0.007867145352065563 
99.0 0.009673048742115498  0.007386845536530018 
100.0 0.0075103058479726315  0.007007055450230837 
101.0 0.006934859789907932  0.006608100607991219 
102.0 0.006845406256616116  0.006286566611379385 
103.0 0.006829134188592434  0.005963071249425411 
104.0 0.006799569819122553  0.005830453708767891 
105.0 0.006788639351725578  0.005695095285773277 
106.0 0.00568796182051301  0.0055974251590669155 
107.0 0.006384197156876326  0.005418489221483469 
108.0 0.005670355167239904  0.0055002146400511265 
109.0 0.005852469243109226  0.005383054260164499 
110.0 0.005615367088466883  0.005316781811416149 
111.0 0.006595247890800238  0.00527293561026454 
112.0 0.005713751073926687  0.005198731552809477 
113.0 0.006067930720746517  0.005082141607999802 
114.0 0.004827037453651428  0.005082573276013136 
115.0 0.0050800871104002  0.005032148212194443 
116.0 0.006635409779846668  0.005063895136117935 
117.0 0.004420669283717871  0.005061692092567682 
118.0 0.007895231246948242  0.005057826638221741 
119.0 0.0055684298276901245  0.0049221208319067955 
120.0 0.004347166512161493  0.004871153738349676 
121.0 0.0038709945511072874  0.004836663603782654 
122.0 0.0046255686320364475  0.004873939324170351 
123.0 0.005814592353999615  0.0048508113250136375 
124.0 0.00560329994186759  0.004844301845878363 
125.0 0.00409848615527153  0.004703802056610584 
126.0 0.003908167127519846  0.0047476221807301044 
127.0 0.003913084045052528  0.00467082392424345 
128.0 0.0033941250294446945  0.004698602482676506 
129.0 0.003278360702097416  0.004731333814561367 
130.0 0.0034953737631440163  0.004561668261885643 
131.0 0.004614490084350109  0.0044408016838133335 
132.0 0.0051886471919715405  0.004712209105491638 
133.0 0.004188467748463154  0.004701128229498863 
134.0 0.0031538321636617184  0.004447709769010544 
135.0 0.003950581885874271  0.004607628099620342 
136.0 0.006445160135626793  0.004441333003342152 
137.0 0.005798491183668375  0.0043660057708621025 
138.0 0.004975252319127321  0.0044905091635882854 
139.0 0.0030987451318651438  0.004269372671842575 
140.0 0.0030966054182499647  0.004550023004412651 
141.0 0.006045428570359945  0.004385335836559534 
142.0 0.0035580776166170835  0.0044310917146503925 
143.0 0.004134386777877808  0.004309302195906639 
144.0 0.005427701864391565  0.0044278791174292564 
145.0 0.002898423234000802  0.004214509855955839 
146.0 0.003245169995352626  0.00430928822606802 
147.0 0.002977326512336731  0.004149768967181444 
148.0 0.00458647171035409  0.004293885547667742 
149.0 0.00478812400251627  0.004207134246826172 
150.0 0.003943661693483591  0.004103809129446745 
151.0 0.003003964899107814  0.004074075724929571 
152.0 0.003573998110368848  0.004099459853023291 
153.0 0.0035057608038187027  0.004288751631975174 
154.0 0.003992236685007811  0.00408759992569685 
155.0 0.003443510038778186  0.004044662695378065 
156.0 0.003496690886095166  0.004060318227857351 
157.0 0.0033427183516323566  0.004115680232644081 
158.0 0.00482164416462183  0.004093890078365803 
159.0 0.003647789591923356  0.003919668961316347 
160.0 0.0037464872002601624  0.003915020730346441 
161.0 0.0033607331570237875  0.004093952942639589 
162.0 0.0038795224390923977  0.004294838290661573 
163.0 0.004694170318543911  0.003998917993158102 
164.0 0.0027707903645932674  0.003819290781393647 
165.0 0.00430468050763011  0.003935004584491253 
166.0 0.0026281834580004215  0.003877012524753809 
167.0 0.0031232170294970274  0.0039329929277300835 
168.0 0.00375789450481534  0.0038422297220677137 
169.0 0.002659269841387868  0.0038499285001307726 
170.0 0.0037626693956553936  0.0039971014484763145 
171.0 0.004602083005011082  0.0037587531842291355 
172.0 0.005721000954508781  0.003931205254048109 
173.0 0.004301773849874735  0.0038509455043822527 
174.0 0.00462295999750495  0.003738746978342533 
175.0 0.0029765029903501272  0.0037082035560160875 
176.0 0.005206235684454441  0.0036731320433318615 
177.0 0.0032109245657920837  0.003765389323234558 
178.0 0.0035058369394391775  0.0037448627408593893 
179.0 0.0035960774403065443  0.003671930404379964 
180.0 0.0032897351775318384  0.003527183085680008 
181.0 0.004212267696857452  0.0036210326943546534 
182.0 0.005277546122670174  0.0035576687660068274 
183.0 0.0045536719262599945  0.0036679699551314116 
184.0 0.00448517594486475  0.0035340639296919107 
185.0 0.006299647502601147  0.003990176599472761 
186.0 0.003939436748623848  0.003721834160387516 
