0.0 0.0059587666764855385  0.03301597759127617 
1.0 0.0032085124403238297  0.0044630784541368484 
2.0 0.0020603269804269075  0.0029124480206519365 
3.0 0.0016265199519693851  0.0019930507987737656 
4.0 0.0011077197268605232  0.0015116481808945537 
5.0 0.0009336904622614384  0.001224718289449811 
6.0 0.0011938479728996754  0.0010375475976616144 
7.0 0.0009001973667182028  0.0009171310230158269 
8.0 0.0010903513757511973  0.000820203626062721 
9.0 0.001167900045402348  0.0007495271856896579 
10.0 0.001397997490130365  0.0006939370650798082 
11.0 0.001267056679353118  0.0006478885770775378 
12.0 0.0011688165832310915  0.0006098392186686397 
13.0 0.0009753156919032335  0.0005794198368676007 
14.0 0.0006972589180804789  0.000550977187231183 
15.0 0.00044393667485564947  0.000527837430126965 
16.0 0.0004174360365141183  0.000506089476402849 
17.0 0.0003827089676633477  0.0004861284396611154 
18.0 0.00044931963202543557  0.0004663610307034105 
19.0 0.000480262708151713  0.0004501994699239731 
20.0 0.00042472954373806715  0.00043523215572349727 
21.0 0.00046145761734806  0.00042183161713182926 
22.0 0.00046653731260448694  0.0004083168169017881 
23.0 0.0004350100934971124  0.0003974314022343606 
24.0 0.00040696392534300685  0.0003854591050185263 
25.0 0.0004487880796659738  0.00037628825521096587 
26.0 0.0003961063048336655  0.00036431910120882094 
27.0 0.0005709617398679256  0.00035499577643349767 
28.0 0.0005483926506713033  0.0003468462382443249 
29.0 0.0005010267486795783  0.00034020745079033077 
30.0 0.0005090335616841912  0.0003310061292722821 
31.0 0.0004581022949423641  0.0003250313166063279 
32.0 0.00045084443991072476  0.0003155103768222034 
33.0 0.0004937397898174822  0.0003108149394392967 
34.0 0.0004628613532986492  0.00030604336643591523 
35.0 0.0004712131922133267  0.0002981969737447798 
36.0 0.00047043742961250246  0.0002929097390733659 
37.0 0.00038825851515866816  0.00028765349998138845 
