0.0 0.04692165181040764  0.08536958694458008 
1.0 0.028462015092372894  0.034945134073495865 
2.0 0.01890641078352928  0.023052245378494263 
3.0 0.012519685551524162  0.0154199730604887 
4.0 0.010261282324790955  0.012049874290823936 
5.0 0.008421887643635273  0.010205068625509739 
6.0 0.007923627272248268  0.00893151480704546 
7.0 0.007664818316698074  0.008113112300634384 
8.0 0.00704018073156476  0.007544106803834438 
9.0 0.007801415398716927  0.0070967962965369225 
10.0 0.006919496692717075  0.00676762918010354 
11.0 0.006829148158431053  0.006486358121037483 
12.0 0.006309767719358206  0.0062476336024701595 
13.0 0.006054039113223553  0.006021160166710615 
14.0 0.006104454398155212  0.00583434896543622 
15.0 0.006116216536611319  0.005659807473421097 
16.0 0.005792698822915554  0.005504990462213755 
17.0 0.005526809953153133  0.005362876690924168 
18.0 0.0050453185103833675  0.005239573772996664 
19.0 0.0049033500254154205  0.005088022444397211 
20.0 0.004923616535961628  0.0049646999686956406 
21.0 0.005188954994082451  0.004838332533836365 
22.0 0.0050525241531431675  0.0046886540949344635 
23.0 0.0052537862211465836  0.004583136644214392 
24.0 0.004916328005492687  0.004449752625077963 
25.0 0.005285307299345732  0.004312788136303425 
26.0 0.005348860286176205  0.0041791703552007675 
27.0 0.0050818342715501785  0.00401666946709156 
28.0 0.005537787918001413  0.0038710744120180607 
29.0 0.0055015841498970985  0.003780375001952052 
30.0 0.004031310323625803  0.003664087736979127 
31.0 0.0038772367406636477  0.00349531602114439 
32.0 0.0034823643509298563  0.003352601081132889 
33.0 0.0042950669303536415  0.003226278582587838 
34.0 0.004482044838368893  0.003192329779267311 
35.0 0.0031442849431186914  0.0031167299021035433 
36.0 0.004239589907228947  0.003018381539732218 
37.0 0.00332878646440804  0.002977210795506835 
38.0 0.003686574287712574  0.002961187856271863 
39.0 0.003771538147702813  0.0028281358536332846 
40.0 0.003045558463782072  0.00285160425119102 
41.0 0.004916512873023748  0.002792624058201909 
42.0 0.0029112007468938828  0.0027089437935501337 
43.0 0.0025754731614142656  0.002651967341080308 
44.0 0.003389877500012517  0.002657518722116947 
45.0 0.006691278424113989  0.0026423665694892406 
46.0 0.0027104923501610756  0.002612292068079114 
47.0 0.004743698053061962  0.0025654120836406946 
48.0 0.002406714018434286  0.0024692381266504526 
49.0 0.002647610381245613  0.002552666002884507 
50.0 0.0022860511671751738  0.002667902270331979 
51.0 0.003181196516379714  0.0024800763931125402 
52.0 0.0026172420475631952  0.0023358818143606186 
53.0 0.002075432101264596  0.00246975920163095 
54.0 0.0038197138346731663  0.002427998697385192 
55.0 0.0031573064625263214  0.0022925720550119877 
56.0 0.0030017071403563023  0.0023177163675427437 
57.0 0.002103188307955861  0.002188025740906596 
58.0 0.0034997013863176107  0.0022682338021695614 
59.0 0.0037132001016288996  0.0022997313644737005 
60.0 0.001751317293383181  0.0023599585983902216 
61.0 0.0024680925998836756  0.002286257455125451 
62.0 0.0028178885113447905  0.0021154526621103287 
63.0 0.003949662670493126  0.002083751605823636 
64.0 0.002103787148371339  0.0020658420398831367 
65.0 0.002336054341867566  0.002215670421719551 
66.0 0.0030105768237262964  0.002192992717027664 
67.0 0.0018083563772961497  0.002032457385212183 
68.0 0.00460854172706604  0.002050256822258234 
69.0 0.0015773000195622444  0.0021366390865296125 
70.0 0.0026263794861733913  0.0019583511166274548 
71.0 0.0021895309910178185  0.0020930268801748753 
72.0 0.0017636254196986556  0.001906643039546907 
73.0 0.002372124930843711  0.0019036398734897375 
74.0 0.003310323692858219  0.0021145003847777843 
75.0 0.001501150312833488  0.0019820798188447952 
76.0 0.004456683527678251  0.002149085747078061 
77.0 0.003885511541739106  0.0019202500116080046 
78.0 0.0018459028797224164  0.0018529999069869518 
79.0 0.0032257363200187683  0.0021993694826960564 
80.0 0.00234356545843184  0.0020166526082903147 
81.0 0.0015059189172461629  0.001698070322163403 
82.0 0.002431088825687766  0.0020525502040982246 
83.0 0.002415862400084734  0.002151491353288293 
84.0 0.0021202999632805586  0.001799958641640842 
85.0 0.0030928163323551416  0.0017935055075213313 
86.0 0.0026922044344246387  0.0017914861673489213 
87.0 0.004756090696901083  0.0017048787558451295 
88.0 0.00474163144826889  0.0017666489584371448 
89.0 0.0035614960361272097  0.0016544981626793742 
90.0 0.0033564302138984203  0.0016639715759083629 
91.0 0.002348857233300805  0.0019022724591195583 
92.0 0.0016394642880186439  0.001767682028003037 
93.0 0.0028162787202745676  0.0016514346934854984 
94.0 0.002811262384057045  0.0019748725462704897 
95.0 0.0020419456996023655  0.0017328712856397033 
