0.0 0.07347511500120163  0.11055848747491837 
1.0 0.05420788377523422  0.060211487114429474 
2.0 0.04651409387588501  0.04686952382326126 
3.0 0.04167906939983368  0.039610911160707474 
4.0 0.04073934257030487  0.035818397998809814 
5.0 0.03988385945558548  0.03281093388795853 
6.0 0.028618711978197098  0.030701827257871628 
7.0 0.02928384393453598  0.028837768360972404 
8.0 0.02506301738321781  0.02731097862124443 
9.0 0.024206029251217842  0.026270505040884018 
10.0 0.023249585181474686  0.024923136457800865 
11.0 0.024600690230727196  0.02384929358959198 
12.0 0.024891315028071404  0.023107096552848816 
13.0 0.023491641506552696  0.02199818752706051 
14.0 0.02245890535414219  0.021190930157899857 
15.0 0.01815142296254635  0.020102890208363533 
16.0 0.025622675195336342  0.019268136471509933 
17.0 0.021174641326069832  0.01894265227019787 
18.0 0.023149076849222183  0.018409110605716705 
19.0 0.017593346536159515  0.017387155443429947 
20.0 0.015324421226978302  0.01707112416625023 
21.0 0.020651133731007576  0.016795238479971886 
22.0 0.014305396936833858  0.016208570450544357 
23.0 0.017315970733761787  0.015255498699843884 
24.0 0.020063577219843864  0.015037627890706062 
25.0 0.013573192059993744  0.014677462168037891 
26.0 0.015954934060573578  0.014656069688498974 
27.0 0.017400605604052544  0.014028065837919712 
28.0 0.016928106546401978  0.013660640455782413 
29.0 0.01342094037681818  0.013624664396047592 
30.0 0.011967649683356285  0.012774240225553513 
31.0 0.016864029690623283  0.012867046520113945 
32.0 0.016574347391724586  0.01269327662885189 
33.0 0.011779098771512508  0.012492218054831028 
34.0 0.01676686480641365  0.012248906306922436 
35.0 0.01735689863562584  0.012077467516064644 
36.0 0.010693315416574478  0.011708848178386688 
37.0 0.02260926552116871  0.011959978379309177 
38.0 0.010629560798406601  0.011717176996171474 
39.0 0.013507025316357613  0.01125568151473999 
40.0 0.009725830517709255  0.011295055970549583 
41.0 0.014295208267867565  0.011203953064978123 
42.0 0.01595873199403286  0.011014235205948353 
43.0 0.011127283796668053  0.010694041848182678 
44.0 0.010895922780036926  0.010608729906380177 
45.0 0.016978243365883827  0.010413671843707561 
46.0 0.011067966930568218  0.010193838737905025 
47.0 0.010245113633573055  0.010630208067595959 
48.0 0.014943182468414307  0.010008137673139572 
49.0 0.009716368280351162  0.009965499863028526 
50.0 0.010181106626987457  0.0100548742339015 
51.0 0.015314065851271152  0.009999161586165428 
52.0 0.013934570364654064  0.009618159383535385 
53.0 0.011809158138930798  0.009666216559708118 
54.0 0.008302649483084679  0.009483125992119312 
55.0 0.00975706335157156  0.009386272169649601 
56.0 0.01207055989652872  0.009077824652194977 
57.0 0.009792318567633629  0.00934632308781147 
58.0 0.013232352212071419  0.009266688488423824 
59.0 0.012314227409660816  0.009129772894084454 
60.0 0.00776622723788023  0.008816611021757126 
61.0 0.008229751139879227  0.00882710237056017 
62.0 0.009260137565433979  0.008941148407757282 
63.0 0.01001912821084261  0.009203712455928326 
64.0 0.014539829455316067  0.008861497044563293 
65.0 0.0137174678966403  0.008808644488453865 
66.0 0.008336932398378849  0.008352390490472317 
67.0 0.007940800860524178  0.008474941365420818 
68.0 0.008753696456551552  0.00849844515323639 
69.0 0.008353494107723236  0.008102632127702236 
70.0 0.008834038861095905  0.00823737308382988 
71.0 0.008019168861210346  0.00836940947920084 
72.0 0.009902275167405605  0.00804273784160614 
73.0 0.009659829549491405  0.00801315438002348 
74.0 0.011252767406404018  0.008210129104554653 
75.0 0.008674724027514458  0.007927531376481056 
76.0 0.010260076262056828  0.008048523217439651 
77.0 0.01438176166266203  0.007687896955758333 
78.0 0.00774851068854332  0.007761117070913315 
79.0 0.008618696592748165  0.00761917931959033 
80.0 0.007257882971316576  0.007802867796272039 
81.0 0.01146598719060421  0.007637855131179094 
82.0 0.008744066581130028  0.0077370330691337585 
83.0 0.01059702131897211  0.00784254726022482 
84.0 0.007168375421315432  0.007674199528992176 
85.0 0.009087479673326015  0.007197191938757896 
86.0 0.008258726447820663  0.00744438823312521 
87.0 0.010317252017557621  0.007090090308338404 
88.0 0.007224161643534899  0.007189927157014608 
89.0 0.010852444916963577  0.007183745037764311 
90.0 0.006339794956147671  0.007082267664372921 
91.0 0.010619988664984703  0.007172190584242344 
92.0 0.009391788393259048  0.007020315155386925 
93.0 0.006543897092342377  0.0073135606944561005 
94.0 0.008590790443122387  0.007061904761940241 
95.0 0.007926380261778831  0.007025251165032387 
96.0 0.009193339385092258  0.006954716984182596 
97.0 0.010673320852220058  0.006781690753996372 
98.0 0.006458588410168886  0.006817235611379147 
99.0 0.006258516572415829  0.006727098021656275 
100.0 0.008195758797228336  0.006766948848962784 
101.0 0.005618352442979813  0.006800168659538031 
102.0 0.009469137527048588  0.006555241532623768 
103.0 0.008227099664509296  0.006502153817564249 
104.0 0.013787476345896721  0.006883230526000261 
105.0 0.006700737867504358  0.006662369705736637 
106.0 0.007044615224003792  0.006355197634547949 
107.0 0.010548548772931099  0.006383446976542473 
108.0 0.006345441099256277  0.0066772205755114555 
109.0 0.007032144349068403  0.006343977991491556 
110.0 0.007046834100037813  0.006542473565787077 
111.0 0.006459786556661129  0.0063699050806462765 
112.0 0.006731703877449036  0.0063819922506809235 
113.0 0.008481677621603012  0.006296942941844463 
114.0 0.010658374056220055  0.006160142365843058 
115.0 0.015131921507418156  0.006584580056369305 
116.0 0.012387082912027836  0.006285617593675852 
117.0 0.007162455935031176  0.0063538020476698875 
118.0 0.008736002258956432  0.006161835044622421 
119.0 0.008584240451455116  0.006542101036757231 
120.0 0.010150708258152008  0.006322463043034077 
121.0 0.004934984724968672  0.0061292084865272045 
122.0 0.008022882975637913  0.006103661842644215 
123.0 0.007786794565618038  0.0061857509426772594 
124.0 0.0062784007750451565  0.00581346545368433 
125.0 0.005696768872439861  0.006120719015598297 
126.0 0.008418334648013115  0.005884434096515179 
127.0 0.00872473418712616  0.005988395772874355 
128.0 0.006938769482076168  0.005955891218036413 
129.0 0.007610533386468887  0.005841623060405254 
130.0 0.007384201046079397  0.00597418425604701 
131.0 0.005562902428209782  0.005955511704087257 
132.0 0.008006464689970016  0.005885901860892773 
133.0 0.006423937622457743  0.005727912299335003 
134.0 0.0049086930230259895  0.005840886849910021 
135.0 0.012739298865199089  0.0057037994265556335 
136.0 0.0051969196647405624  0.006036265287548304 
137.0 0.0052485475316643715  0.005896373651921749 
138.0 0.0072984518483281136  0.005469032563269138 
139.0 0.012247434817254543  0.00570270512253046 
140.0 0.01118221040815115  0.005708402022719383 
141.0 0.007268265821039677  0.005766544956713915 
142.0 0.012610765174031258  0.00567098380997777 
143.0 0.006137152202427387  0.005792297422885895 
144.0 0.00716104032471776  0.005635405890643597 
145.0 0.008532283827662468  0.005737215746194124 
146.0 0.00953562930226326  0.005442263558506966 
147.0 0.008053329773247242  0.005559658631682396 
148.0 0.00634778430685401  0.0056062317453324795 
149.0 0.004970391746610403  0.005288845393806696 
150.0 0.006866318639367819  0.005526376888155937 
151.0 0.005690518766641617  0.0055014463141560555 
152.0 0.006577202584594488  0.005579772870987654 
153.0 0.00756632536649704  0.0055967760272324085 
154.0 0.005370521452277899  0.005291401874274015 
