0.0 0.017487410455942154  0.04864552244544029 
1.0 0.009320113807916641  0.009108503349125385 
2.0 0.005520762410014868  0.006150275934487581 
3.0 0.005488740745931864  0.004979672376066446 
4.0 0.0037832309026271105  0.004314615856856108 
5.0 0.0042767832055687904  0.0037368538323789835 
6.0 0.003198514925315976  0.003254192415624857 
7.0 0.003156681079417467  0.0029221742879599333 
8.0 0.0023742951452732086  0.002678336575627327 
9.0 0.0022291673813015223  0.0024639153853058815 
10.0 0.002193709369748831  0.0022950174752622843 
11.0 0.002408452797681093  0.0021376688964664936 
12.0 0.002060703234747052  0.0020136572420597076 
13.0 0.002693726448342204  0.0019141724333167076 
14.0 0.0021207232493907213  0.001805584179237485 
15.0 0.0020464938133955  0.0017259321175515652 
16.0 0.0018232542788609862  0.0016320223221555352 
17.0 0.0017588831251487136  0.0015640885103493929 
18.0 0.0018611520063132048  0.0014843586832284927 
19.0 0.0019551385194063187  0.0014313982101157308 
20.0 0.001937700784765184  0.0013779832515865564 
21.0 0.0016422404441982508  0.0013257707469165325 
22.0 0.0016860889736562967  0.00126945273950696 
23.0 0.0017739207250997424  0.0012224891688674688 
24.0 0.0019918656907975674  0.0011817680206149817 
25.0 0.002150743966922164  0.0011473303893581033 
26.0 0.0023001953959465027  0.0011112872743979096 
27.0 0.00234471564181149  0.0010767016792669892 
28.0 0.0018514072289690375  0.001040664385072887 
29.0 0.0020465056877583265  0.001018327078782022 
30.0 0.0018361147958785295  0.0009903418831527233 
31.0 0.0022023480851203203  0.000972085224930197 
32.0 0.00196844432502985  0.0009405548335053027 
33.0 0.0020363391377031803  0.000921460974495858 
34.0 0.0022022644989192486  0.0009023485472425818 
35.0 0.0017654334660619497  0.0008803296368569136 
36.0 0.001762387459166348  0.0008592463564127684 
37.0 0.0016998907085508108  0.0008438819204457104 
38.0 0.0012629468692466617  0.0008196043781936169 
39.0 0.0014791989233344793  0.0008125390741042793 
40.0 0.0013395147398114204  0.0007912605069577694 
41.0 0.0013443881180137396  0.0007786044152453542 
42.0 0.0012332121841609478  0.0007584697450511158 
43.0 0.001386750489473343  0.0007466645329259336 
44.0 0.0012643729569390416  0.0007252580835483968 
45.0 0.001236545736901462  0.000717808143235743 
46.0 0.0012374164070934057  0.0007034452282823622 
47.0 0.0012254012981429696  0.0006926141795702279 
48.0 0.00115215964615345  0.0006817939574830234 
49.0 0.0012265678960829973  0.0006703310646116734 
50.0 0.0011539347469806671  0.0006598839536309242 
51.0 0.0010643054265528917  0.0006468173814937472 
52.0 0.0010724052553996444  0.0006425083265639842 
53.0 0.0009982660412788391  0.0006248436984606087 
54.0 0.0009607257670722902  0.0006183499936014414 
55.0 0.000910797796677798  0.0006091850227676332 
56.0 0.0009668726706877351  0.0006011778023093939 
57.0 0.0009443743620067835  0.0005958346882835031 
58.0 0.0008843141840770841  0.000586293637752533 
59.0 0.0008859403315000236  0.0005790473078377545 
60.0 0.0008046839502640069  0.000569988857023418 
61.0 0.0007720688590779901  0.0005656170542351902 
62.0 0.0008086506859399378  0.0005599275464192033 
63.0 0.0007770893280394375  0.0005512098432518542 
64.0 0.0007846264634281397  0.0005481050466187298 
65.0 0.0007392296101897955  0.0005386851262301207 
66.0 0.0006820089183747768  0.0005324722151271999 
67.0 0.0007359804585576057  0.0005279400502331555 
68.0 0.000711694301571697  0.0005190835800021887 
69.0 0.0006448135245591402  0.000518228393048048 
70.0 0.0007668584585189819  0.0005132077494636178 
71.0 0.0008266310323961079  0.0005095531232655048 
72.0 0.0007365336059592664  0.0005037860246375203 
73.0 0.000725558667909354  0.0004996517091058195 
74.0 0.0007660925039090216  0.0004978733486495912 
75.0 0.0007072376320138574  0.0004922050866298378 
76.0 0.0007358043221756816  0.00048764163511805236 
77.0 0.0007297815172933042  0.0004837560700252652 
78.0 0.0007075288449414074  0.0004776514833793044 
79.0 0.0007191285258159041  0.00047427875688299537 
80.0 0.0007843038765713573  0.00047369024832732975 
81.0 0.0007593086920678616  0.00046902746544219553 
82.0 0.0006920762825757265  0.0004625822475645691 
83.0 0.0006236825720407069  0.00045712204882875085 
84.0 0.0006459048599936068  0.0004538797657005489 
85.0 0.0006836605607531965  0.0004517228517215699 
86.0 0.0006319905514828861  0.00044519559014588594 
87.0 0.0005856896750628948  0.0004423646896611899 
88.0 0.0005671684630215168  0.00043872263631783426 
89.0 0.0005609173676930368  0.00043427397031337023 
90.0 0.000552175915800035  0.0004302838060539216 
91.0 0.0005618791910819709  0.000428782805101946 
92.0 0.0006569832330569625  0.00042732013389468193 
93.0 0.0005572279333136976  0.00042155521805398166 
94.0 0.0005677051958627999  0.00041854134178720415 
95.0 0.0005741038476116955  0.0004150185559410602 
96.0 0.0005898991948924959  0.00041119547677226365 
97.0 0.0005304943770170212  0.00040910893585532904 
98.0 0.0005301720229908824  0.0004073893651366234 
99.0 0.0005374239408411086  0.0004041524662170559 
100.0 0.0005283915670588613  0.00040096347220242023 
101.0 0.0006278917426243424  0.0004010640550404787 
102.0 0.0005257746088318527  0.00039510364877060056 
103.0 0.000577801198232919  0.00039444505819119513 
104.0 0.0005179086583666503  0.0003892453096341342 
105.0 0.0005447447183541954  0.0003896662383340299 
106.0 0.0005567962653003633  0.00038618192775174975 
107.0 0.00047261922736652195  0.0003812084614764899 
108.0 0.0005605522310361266  0.0003823661827482283 
109.0 0.000601528852712363  0.0003810740017797798 
110.0 0.0006108219386078417  0.0003760491672437638 
111.0 0.0006399333360604942  0.00038000577478669584 
112.0 0.0005847803549841046  0.00037346177850849926 
113.0 0.0005832577007822692  0.0003725176793523133 
114.0 0.0006101897452026606  0.00036955377436243 
115.0 0.0006127135711722076  0.0003716772189363837 
116.0 0.0005217895959503949  0.00036472774809226394 
117.0 0.00046612502774223685  0.0003588647523429245 
118.0 0.0005100937560200691  0.00036078871926292777 
119.0 0.0006263533723540604  0.00036219911999069154 
120.0 0.0004529642465058714  0.00035158233367837965 
121.0 0.0004914055461995304  0.0003542906779330224 
122.0 0.0004952639574185014  0.00035286403726786375 
123.0 0.0005144505412317812  0.000350856949808076 
124.0 0.0004395432479213923  0.0003458093269728124 
125.0 0.0004778100410476327  0.00034981805947609246 
126.0 0.0004345998167991638  0.00034066091757267714 
127.0 0.0004248625482432544  0.0003411811776459217 
128.0 0.00042998112621717155  0.0003404720046091825 
129.0 0.0004391996480990201  0.0003377881075721234 
130.0 0.00041412911377847195  0.0003338092064950615 
131.0 0.0004781224997714162  0.00033704613451845944 
132.0 0.0004581247048918158  0.000332968047587201 
133.0 0.00046413406380452216  0.0003322088741697371 
134.0 0.00043103491771034896  0.00032812656718306243 
135.0 0.000469375925604254  0.00033190115937031806 
136.0 0.0004442859790287912  0.0003259414806962013 
137.0 0.00044603185961022973  0.0003244937979616225 
138.0 0.00043748560710810125  0.00032339603058062494 
139.0 0.0004432325076777488  0.0003228848800063133 
140.0 0.0004347088106442243  0.0003224406100343913 
141.0 0.00044045550748705864  0.0003193458542227745 
142.0 0.00042914689402095973  0.00031540083000436425 
143.0 0.00045629366650246084  0.0003128167300019413 
144.0 0.00043679896043613553  0.00031552338623441756 
145.0 0.0004433724388945848  0.00031370841315947473 
146.0 0.000451278145192191  0.0003138869069516659 
147.0 0.00045670109102502465  0.00030827400041744113 
148.0 0.0004661541315726936  0.00030953605892136693 
149.0 0.0004533897154033184  0.0003073021362069994 
150.0 0.0004470874846447259  0.0003093754639849067 
