0.0 0.05436474829912186  0.11298077553510666 
1.0 0.03902308642864227  0.03591592237353325 
2.0 0.02678609825670719  0.028259241953492165 
3.0 0.02309766784310341  0.023855911567807198 
4.0 0.02192317135632038  0.020847758278250694 
5.0 0.021714910864830017  0.018590033054351807 
6.0 0.02177245542407036  0.01686287298798561 
7.0 0.018068546429276466  0.015396437607705593 
8.0 0.01687769591808319  0.014255404472351074 
9.0 0.015590719878673553  0.013351261615753174 
10.0 0.014242679812014103  0.012531435117125511 
11.0 0.014715989120304585  0.011764739640057087 
12.0 0.01240026205778122  0.011164532974362373 
13.0 0.01347451750189066  0.01063421368598938 
14.0 0.011262165382504463  0.010094987228512764 
15.0 0.011411997489631176  0.009535932913422585 
16.0 0.010651336051523685  0.009113948792219162 
17.0 0.010791117325425148  0.008743849582970142 
18.0 0.00981102418154478  0.008462156169116497 
19.0 0.01136965025216341  0.008209598250687122 
20.0 0.011404432356357574  0.007962717674672604 
21.0 0.009334874339401722  0.007679386530071497 
22.0 0.007839938625693321  0.007465333212167025 
23.0 0.008716094307601452  0.007321149110794067 
24.0 0.008263668045401573  0.007063651457428932 
25.0 0.007843969389796257  0.006915688049048185 
26.0 0.006715645082294941  0.006683981046080589 
27.0 0.006381348241120577  0.006515046115964651 
28.0 0.006284089293330908  0.006339211482554674 
29.0 0.006252007093280554  0.006200314965099096 
30.0 0.0073743960820138454  0.00599675765261054 
31.0 0.005861951969563961  0.005923178046941757 
32.0 0.006867470685392618  0.005717063322663307 
33.0 0.006123607978224754  0.005625387653708458 
34.0 0.005678294226527214  0.005530176218599081 
35.0 0.005222875624895096  0.005371405277401209 
36.0 0.005036813672631979  0.005248533096164465 
37.0 0.005151938647031784  0.005151469726115465 
38.0 0.005344230681657791  0.00501070125028491 
39.0 0.005281457677483559  0.00490559870377183 
40.0 0.005487130954861641  0.004840065725147724 
41.0 0.005360430106520653  0.004664658103138208 
42.0 0.004630863666534424  0.004646871238946915 
43.0 0.004519949667155743  0.004540774505585432 
44.0 0.00426473468542099  0.004452279768884182 
45.0 0.004203861113637686  0.004351151641458273 
46.0 0.0040120817720890045  0.0042931861244142056 
47.0 0.004145886283367872  0.004193912725895643 
48.0 0.004027739632874727  0.004139512311667204 
49.0 0.004768365062773228  0.004088009707629681 
50.0 0.004305063281208277  0.0039643594063818455 
51.0 0.005000289995223284  0.003976623062044382 
52.0 0.004453598987311125  0.003883127821609378 
53.0 0.005054604262113571  0.00382439699023962 
54.0 0.0045433021150529385  0.003753919852897525 
55.0 0.004353683907538652  0.003692209254950285 
56.0 0.0050180950202047825  0.0036960027646273375 
57.0 0.004671534989029169  0.003611827502027154 
58.0 0.005188639275729656  0.0034785333555191755 
59.0 0.004547784570604563  0.003513217670843005 
60.0 0.00419688131660223  0.0035029880236834288 
61.0 0.0035403375513851643  0.0033879890106618404 
62.0 0.0033712165895849466  0.0033499214332550764 
63.0 0.003600637661293149  0.0033207254018634558 
64.0 0.003551233559846878  0.0032956493087112904 
65.0 0.004074534401297569  0.003273612353950739 
66.0 0.003789661917835474  0.0031910506077110767 
67.0 0.004048159345984459  0.0031908650416880846 
68.0 0.0033158729784190655  0.003131655976176262 
69.0 0.0030808201991021633  0.003105775685980916 
70.0 0.0033100361470133066  0.003073723055422306 
71.0 0.003887487342581153  0.0030635125003755093 
72.0 0.003599816234782338  0.003006107872352004 
73.0 0.002975525800138712  0.0029818019829690456 
74.0 0.0037944817449897528  0.0029890083242207766 
75.0 0.002926886547356844  0.0029419176280498505 
76.0 0.0038733319379389286  0.002940813312307 
77.0 0.0036544580943882465  0.0028869546949863434 
78.0 0.002789168618619442  0.002859248546883464 
79.0 0.003058286849409342  0.002878155093640089 
80.0 0.0035952948965132236  0.002799339359626174 
81.0 0.0027180640026926994  0.0028335514944046736 
82.0 0.0027201722841709852  0.002764457603916526 
83.0 0.002663631923496723  0.002715697046369314 
84.0 0.002640415681526065  0.0027394413482397795 
85.0 0.0027683658991008997  0.0026706622447818518 
86.0 0.0025626884307712317  0.002697794931009412 
87.0 0.0027066704351454973  0.002607279224321246 
88.0 0.0032338923774659634  0.0026031637098640203 
89.0 0.002633342519402504  0.002580307424068451 
90.0 0.0024643733631819487  0.002608379116281867 
91.0 0.002822660142555833  0.0024453476071357727 
92.0 0.002482437761500478  0.0025834881234914064 
93.0 0.0024409154430031776  0.0024216449819505215 
94.0 0.002573780482634902  0.0024702115915715694 
95.0 0.002416177187114954  0.002481951378285885 
96.0 0.0026717314030975103  0.0024753904435783625 
97.0 0.0025687480811029673  0.002382230944931507 
98.0 0.0025515190791338682  0.0023652133531868458 
99.0 0.002127424580976367  0.0024334604386240244 
100.0 0.0024455739185214043  0.0023552384227514267 
101.0 0.0022751796059310436  0.00236766180023551 
102.0 0.0026990058831870556  0.0022786008194088936 
103.0 0.002670674817636609  0.0023028114810585976 
104.0 0.0021167583763599396  0.0023417770862579346 
105.0 0.0022822367027401924  0.002228652825579047 
106.0 0.002114373492076993  0.002231009304523468 
107.0 0.001971517689526081  0.002280001761391759 
108.0 0.001991709228605032  0.0022180676460266113 
109.0 0.0020389638375490904  0.0021793281193822622 
110.0 0.002069801790639758  0.0022266728337854147 
111.0 0.001941160298883915  0.0021885728929191828 
112.0 0.0020339740440249443  0.0020988883916288614 
113.0 0.002095225965604186  0.0021490738727152348 
114.0 0.0019042042549699545  0.0021025543101131916 
115.0 0.0019967593252658844  0.0021099115256220102 
116.0 0.0019355104304850101  0.002061569131910801 
117.0 0.0023721002507954836  0.0020524843130260706 
118.0 0.0019166010897606611  0.002035974059253931 
119.0 0.001892128144390881  0.002016287064179778 
120.0 0.0018876041285693645  0.0020100357942283154 
121.0 0.001938546891324222  0.0020050378516316414 
122.0 0.0018116188002750278  0.0020272298716008663 
123.0 0.001842775964178145  0.0019787342753261328 
124.0 0.001859073992818594  0.0019677835516631603 
125.0 0.0017986512975767255  0.00200442667119205 
126.0 0.001693316618911922  0.001941559836268425 
127.0 0.0017976349918171763  0.0019331015646457672 
128.0 0.0018465510802343488  0.0019525452516973019 
129.0 0.001875899382866919  0.0019046879606321454 
130.0 0.0017897423822432756  0.0019037575693801045 
131.0 0.001834907685406506  0.0018975528655573726 
132.0 0.0017849620198830962  0.001879779971204698 
133.0 0.0018263636156916618  0.001875018235296011 
134.0 0.0017309507820755243  0.0018773199990391731 
135.0 0.0018815986113622785  0.001837748452089727 
136.0 0.001908120815642178  0.001881736097857356 
137.0 0.0018312535248696804  0.0018352194456383586 
138.0 0.0017402550438418984  0.0018179677426815033 
139.0 0.0019047890091314912  0.0018405027221888304 
140.0 0.0017241030000150204  0.0018218627665191889 
141.0 0.0017023045802488923  0.0018019735580310225 
142.0 0.0018101671012118459  0.0018044911557808518 
143.0 0.0018257750198245049  0.0018086542841047049 
144.0 0.0019180142553523183  0.0017870893934741616 
145.0 0.001830912777222693  0.0017646566266193986 
146.0 0.0021250764839351177  0.0017697315197438002 
