0.0 0.06727183610200882  0.11571014672517776 
1.0 0.04913298413157463  0.054515331983566284 
2.0 0.04195459932088852  0.03934939205646515 
3.0 0.03490498289465904  0.03305565193295479 
4.0 0.03340963274240494  0.029395999386906624 
5.0 0.03319159150123596  0.02713511884212494 
6.0 0.03143363818526268  0.025370439514517784 
7.0 0.026022596284747124  0.023879967629909515 
8.0 0.02756294421851635  0.02267260104417801 
9.0 0.024496497586369514  0.021535173058509827 
10.0 0.022289853543043137  0.020398160442709923 
11.0 0.022978616878390312  0.01947297342121601 
12.0 0.0199980977922678  0.01836429536342621 
13.0 0.019164463505148888  0.017252448946237564 
14.0 0.01880752667784691  0.016114968806505203 
15.0 0.015248740091919899  0.01486770249903202 
16.0 0.013633159920573235  0.013650382868945599 
17.0 0.01274223905056715  0.01255127601325512 
18.0 0.010879133827984333  0.011719465255737305 
19.0 0.011505496688187122  0.011089845560491085 
20.0 0.011933130212128162  0.010658303275704384 
21.0 0.012347307987511158  0.01021576952189207 
22.0 0.011301479302346706  0.00982758030295372 
23.0 0.012205817736685276  0.009459322318434715 
24.0 0.012294679880142212  0.009193195030093193 
25.0 0.011787384748458862  0.008961653336882591 
26.0 0.009219908155500889  0.008596898056566715 
27.0 0.008979194797575474  0.008316037245094776 
28.0 0.010122830048203468  0.008104040287435055 
29.0 0.008532632142305374  0.007911982014775276 
30.0 0.008518796414136887  0.007695050444453955 
31.0 0.008687864989042282  0.007445987779647112 
32.0 0.008656089194118977  0.007316662464290857 
33.0 0.008341711945831776  0.00715736486017704 
34.0 0.007973825559020042  0.007034888491034508 
35.0 0.009128277190029621  0.006917319260537624 
36.0 0.008571185171604156  0.0068209413439035416 
37.0 0.007835794240236282  0.006700369529426098 
38.0 0.007293751463294029  0.006550913210958242 
39.0 0.00779159739613533  0.0064341300167143345 
40.0 0.007177478633821011  0.006385384127497673 
41.0 0.007518640253692865  0.006266774144023657 
42.0 0.00733043160289526  0.006198517046868801 
43.0 0.0072164833545684814  0.006072544492781162 
44.0 0.007563438266515732  0.006041476968675852 
45.0 0.007113390136510134  0.005973499733954668 
46.0 0.006783954333513975  0.005937344394624233 
47.0 0.006656588986515999  0.005838223733007908 
48.0 0.006335839629173279  0.005770573392510414 
49.0 0.006422732956707478  0.005662495270371437 
50.0 0.00599916884675622  0.005696658510714769 
51.0 0.0059996191412210464  0.0056057036854326725 
52.0 0.006264734081923962  0.0055515700951218605 
53.0 0.006320651154965162  0.005483463406562805 
54.0 0.005607813596725464  0.005445127375423908 
55.0 0.00612907949835062  0.005388252902776003 
56.0 0.0060878717340528965  0.0053635151125490665 
57.0 0.006527395453304052  0.005299225449562073 
58.0 0.0062990072183310986  0.005296762567013502 
59.0 0.006099647842347622  0.005231672432273626 
60.0 0.00717565743252635  0.005170132033526897 
61.0 0.006021779961884022  0.005145763512700796 
62.0 0.006344218272715807  0.005092223174870014 
63.0 0.00625929469242692  0.005067007150501013 
64.0 0.006605757400393486  0.005008835345506668 
65.0 0.00663116155192256  0.004963119048625231 
66.0 0.0058190240524709225  0.004956403747200966 
67.0 0.005857706069946289  0.004947492387145758 
68.0 0.005887121427804232  0.004889043513685465 
69.0 0.005741465836763382  0.004872469697147608 
70.0 0.005387627054005861  0.004822191782295704 
71.0 0.005649595055729151  0.00474897027015686 
72.0 0.005456406157463789  0.00475237425416708 
73.0 0.005793435499072075  0.0047561898827552795 
74.0 0.005038714502006769  0.004743881057947874 
75.0 0.00583238247781992  0.004653237760066986 
76.0 0.005343530792742968  0.004668618552386761 
77.0 0.005051331594586372  0.004630462732166052 
78.0 0.00530388904735446  0.004636047407984734 
79.0 0.005300390534102917  0.004590251017361879 
80.0 0.005170261487364769  0.00458805775269866 
81.0 0.005490333307534456  0.004546598996967077 
82.0 0.0046829953789711  0.004587890114635229 
83.0 0.005231077317148447  0.004501293879002333 
84.0 0.0049937451258301735  0.00448780320584774 
85.0 0.005097172688692808  0.0044533307664096355 
86.0 0.004907628055661917  0.004486463963985443 
87.0 0.004845213610678911  0.004430917091667652 
88.0 0.005112397950142622  0.0044259438291192055 
89.0 0.004980785306543112  0.004385706502944231 
90.0 0.004749508574604988  0.0043633850291371346 
91.0 0.0044547258876264095  0.004383469931781292 
92.0 0.004711871035397053  0.00432254234328866 
93.0 0.004490912426263094  0.0043605961836874485 
94.0 0.004464518744498491  0.004336439073085785 
95.0 0.004436759278178215  0.004296923987567425 
96.0 0.004625306464731693  0.004284401889890432 
97.0 0.004620338324457407  0.004268193151801825 
98.0 0.004829456098377705  0.00424529705196619 
99.0 0.004319372121244669  0.004270602483302355 
100.0 0.004142868798226118  0.004259915091097355 
101.0 0.004341670777648687  0.004217523615807295 
102.0 0.0044898539781570435  0.00417986698448658 
103.0 0.004288783296942711  0.004193455446511507 
104.0 0.004549940582364798  0.0041780672036111355 
105.0 0.004256523214280605  0.004168011248111725 
106.0 0.004205508157610893  0.004167684353888035 
107.0 0.004346934147179127  0.00412996718659997 
108.0 0.004301449749618769  0.004132825415581465 
109.0 0.004367606248706579  0.004102153703570366 
110.0 0.0042083668522536755  0.004115196410566568 
111.0 0.004209302831441164  0.004089281894266605 
112.0 0.004361246712505817  0.004073409363627434 
113.0 0.004218956921249628  0.0040468876250088215 
114.0 0.0046029905788600445  0.004042239394038916 
115.0 0.004385280888527632  0.004058288410305977 
116.0 0.004383164457976818  0.00401283660903573 
117.0 0.004400339443236589  0.003995626233518124 
118.0 0.004491053521633148  0.0039768158458173275 
119.0 0.004529893398284912  0.004001130349934101 
120.0 0.004436084069311619  0.00396244041621685 
