0.0 0.022750835865736008  0.07503776252269745 
1.0 0.014683039858937263  0.01594594493508339 
2.0 0.00970723107457161  0.010322739370167255 
3.0 0.007853120565414429  0.008338033221662045 
4.0 0.0068609826266765594  0.007288780063390732 
5.0 0.0067502232268452644  0.006619251798838377 
6.0 0.006298961583524942  0.006150310393422842 
7.0 0.006247539073228836  0.005795793142169714 
8.0 0.006041050422936678  0.00550962146371603 
9.0 0.005823994521051645  0.005281662568449974 
10.0 0.005807176697999239  0.005104472395032644 
11.0 0.0058117033913731575  0.004950826521962881 
12.0 0.005669065285474062  0.0048186760395765305 
13.0 0.00578102795407176  0.004701860714703798 
14.0 0.005690655205398798  0.004593231715261936 
15.0 0.005910591688007116  0.004491209052503109 
16.0 0.0058806356973946095  0.004380478523671627 
17.0 0.006193382665514946  0.004251715261489153 
18.0 0.007446789648383856  0.004069325979799032 
19.0 0.006922704633325338  0.003837383119389415 
20.0 0.0073516275733709335  0.0036457530222833157 
21.0 0.006765327416360378  0.0034995221067219973 
22.0 0.00599301652982831  0.003395206993445754 
23.0 0.004951889626681805  0.0033020186237990856 
24.0 0.006042634602636099  0.003184173721820116 
25.0 0.006025501526892185  0.0031447408255189657 
26.0 0.007135285530239344  0.0030763905961066484 
27.0 0.0031226188875734806  0.002973397960886359 
28.0 0.003586062928661704  0.002891386626288295 
29.0 0.006928994785994291  0.0028404477052390575 
30.0 0.0029660442378371954  0.0027977970894426107 
31.0 0.002949547255411744  0.0028256934601813555 
32.0 0.0034022978506982327  0.0027316538617014885 
33.0 0.004373217932879925  0.002643188927322626 
34.0 0.006513406056910753  0.0026417290791869164 
35.0 0.006929806899279356  0.0026263389736413956 
36.0 0.003537295153364539  0.002573668956756592 
37.0 0.004302047658711672  0.00268325163051486 
38.0 0.002763516502454877  0.0025350935757160187 
39.0 0.004545622505247593  0.002688297536224127 
40.0 0.004149117507040501  0.003673119004815817 
41.0 0.004469223320484161  0.0033039178233593702 
42.0 0.0037973562721163034  0.003111223690211773 
43.0 0.003949158824980259  0.002967237727716565 
44.0 0.004333122633397579  0.002940643113106489 
45.0 0.005088969133794308  0.0026395355816930532 
46.0 0.003349084872752428  0.002386033535003662 
47.0 0.0029917373321950436  0.0026253112591803074 
48.0 0.0034743815194815397  0.0025839777663350105 
49.0 0.002863815752789378  0.0026669243816286325 
50.0 0.002509102923795581  0.0023358662147074938 
51.0 0.0030645104125142097  0.0024229208938777447 
52.0 0.003095949999988079  0.002513342071324587 
53.0 0.0033774184994399548  0.0025021741166710854 
54.0 0.001786128617823124  0.0023740101605653763 
55.0 0.0016718469560146332  0.0022029278334230185 
56.0 0.0018999048043042421  0.0020195567049086094 
57.0 0.0022112810984253883  0.0020010648295283318 
58.0 0.0015902448212727904  0.001960576279088855 
59.0 0.0026594363152980804  0.002022811211645603 
60.0 0.009221910499036312  0.002241086680442095 
61.0 0.0035498766228556633  0.0036045559681952 
62.0 0.0033962028101086617  0.002815097803249955 
63.0 0.0033653266727924347  0.0027282005175948143 
64.0 0.0033934738021343946  0.002646347740665078 
65.0 0.0022239037789404392  0.002313807839527726 
66.0 0.0016659292159602046  0.0021983187180012465 
67.0 0.0029123187996447086  0.0024212580174207687 
68.0 0.0058232201263308525  0.0021003354340791702 
69.0 0.0015198774635791779  0.0021606411319226027 
70.0 0.002720631193369627  0.001986281480640173 
71.0 0.0023193794768303633  0.0021460854914039373 
72.0 0.0011092411587014794  0.002175362780690193 
73.0 0.004324349109083414  0.0018406374147161841 
74.0 0.0028978099580854177  0.0020469080191105604 
75.0 0.0022863082122057676  0.0021195877343416214 
76.0 0.0032784633804112673  0.0019356082193553448 
77.0 0.0048210397362709045  0.0017734764842316508 
78.0 0.0016335989348590374  0.0017479313537478447 
79.0 0.00416520843282342  0.0016935592284426093 
80.0 0.0015723861288279295  0.001586473430506885 
81.0 0.003653684165328741  0.0015773429768159986 
82.0 0.0033069828059524298  0.0015901008155196905 
83.0 0.0013912242138758302  0.0015313217882066965 
84.0 0.001370320445857942  0.0015710325678810477 
85.0 0.0015358072705566883  0.0016467843670397997 
86.0 0.0031941800843924284  0.001582664204761386 
87.0 0.0013991494197398424  0.001490003545768559 
88.0 0.004378032870590687  0.0014820812502875924 
89.0 0.000919192680157721  0.0014759142650291324 
90.0 0.0019860565662384033  0.0015992573462426662 
91.0 0.0013663938734680414  0.001461400999687612 
92.0 0.0018148022936657071  0.0015227063558995724 
93.0 0.0009162320056930184  0.0014442974934354424 
94.0 0.0021163763012737036  0.0014150096103549004 
95.0 0.0022307217586785555  0.0014412672026082873 
96.0 0.0007699402049183846  0.001358391367830336 
97.0 0.0007835879805497825  0.001449426868930459 
98.0 0.0008659072918817401  0.00141606864053756 
99.0 0.0011367452098056674  0.001625512377358973 
100.0 0.0009054826805368066  0.0015060958685353398 
101.0 0.0009493472753092647  0.0014675988350063562 
102.0 0.0038098020013421774  0.0017021589446812868 
103.0 0.001495923614129424  0.0015739623922854662 
104.0 0.00097509945044294  0.00152412592433393 
105.0 0.0014357412001118064  0.001574704539962113 
106.0 0.0009578134631738067  0.0013547546695917845 
107.0 0.0013085809769108891  0.0012361143017187715 
108.0 0.0012801863485947251  0.0012861641589552164 
109.0 0.0028265861328691244  0.001336396555416286 
110.0 0.0008196805138140917  0.0012682745000347495 
111.0 0.0057005309499800205  0.0012432447401806712 
112.0 0.005696275271475315  0.0022439975291490555 
113.0 0.001107638468965888  0.0016310991486534476 
114.0 0.0015821176348254085  0.0013938592746853828 
115.0 0.0006809047772549093  0.0012137687299400568 
116.0 0.0009791911579668522  0.0014158901758491993 
117.0 0.0010794255649670959  0.0012656624894589186 
118.0 0.002242201240733266  0.0012852814979851246 
119.0 0.0018384451977908611  0.0012419507838785648 
120.0 0.0029450603760778904  0.0012022929731756449 
121.0 0.0017749069957062602  0.0014271792024374008 
122.0 0.0013091140426695347  0.0013494181912392378 
123.0 0.002481997711583972  0.0011977368267253041 
124.0 0.0012999771861359477  0.001193956471979618 
125.0 0.0007004283252172172  0.001187758520245552 
126.0 0.0011200454318895936  0.001211799681186676 
127.0 0.0013265755260363221  0.0011504683643579483 
128.0 0.0014922054251655936  0.0016189833404496312 
129.0 0.0008538677357137203  0.0015199584886431694 
130.0 0.0029602153226733208  0.0012145492946729064 
131.0 0.0018179588951170444  0.001327527454122901 
132.0 0.0006557825836353004  0.0012111298274248838 
133.0 0.0005275547155179083  0.0011151285143569112 
134.0 0.0005997346597723663  0.0011957960668951273 
135.0 0.001669742283411324  0.0011241623433306813 
136.0 0.0015694292960688472  0.0011310530826449394 
137.0 0.0020295600406825542  0.0011414573527872562 
138.0 0.0005233412957750261  0.0012216247851029038 
139.0 0.0015955754788592458  0.0012074863770976663 
140.0 0.0033047099132090807  0.0031090392731130123 
141.0 0.003382164053618908  0.0026703812181949615 
142.0 0.0019614421762526035  0.0015163825592026114 
143.0 0.0013649340253323317  0.0012060701847076416 
144.0 0.0017247366486117244  0.001040986506268382 
145.0 0.0005000691162422299  0.0012065323535352945 
146.0 0.00040273243212141097  0.0010561762610450387 
147.0 0.0010593971237540245  0.001073784427717328 
148.0 0.0021292567253112793  0.0010615522041916847 
149.0 0.0010247778845950961  0.0011417688801884651 
150.0 0.001450268318876624  0.001021652133204043 
151.0 0.00040477048605680466  0.0010261787101626396 
152.0 0.0008677036967128515  0.0011303781066089869 
153.0 0.0005312441498972476  0.0009604523656889796 
154.0 0.0008198959403671324  0.0011067433515563607 
155.0 0.0014921725960448384  0.0009528528316877782 
156.0 0.001195973833091557  0.0009084242628887296 
157.0 0.0009278907673433423  0.001148430397734046 
158.0 0.002543978625908494  0.0026026356499642134 
159.0 0.0018907291814684868  0.0013650639448314905 
160.0 0.0007454019505530596  0.0011830400908365846 
161.0 0.0005371565348468721  0.000992038520053029 
162.0 0.0012277656933292747  0.0010095509933307767 
163.0 0.0006511899409815669  0.0009777279337868094 
164.0 0.0004359017766546458  0.0009117049048654735 
165.0 0.0011310651898384094  0.0009572975104674697 
166.0 0.0006456685368902981  0.0009453868260607123 
