0.0 0.02895711548626423  0.06823623925447464 
1.0 0.013772963546216488  0.020828358829021454 
2.0 0.010456404648721218  0.011184093542397022 
3.0 0.007504942826926708  0.008182987570762634 
4.0 0.008435619994997978  0.006671209819614887 
5.0 0.005838623270392418  0.005815338343381882 
6.0 0.005311745218932629  0.00517615070566535 
7.0 0.004912299104034901  0.0047065685503184795 
8.0 0.004846517462283373  0.0043373191729187965 
9.0 0.0043407464399933815  0.004008476156741381 
10.0 0.004224482458084822  0.0037547494284808636 
11.0 0.004360166843980551  0.003559534437954426 
12.0 0.004316840786486864  0.0033845296129584312 
13.0 0.0038586712907999754  0.0032618329860270023 
14.0 0.00381544791162014  0.0031094877049326897 
15.0 0.003675411455333233  0.003005996812134981 
16.0 0.003477534744888544  0.0029052032623440027 
17.0 0.0033609766978770494  0.0028158000204712152 
18.0 0.003264607163146138  0.0027376124635338783 
19.0 0.003209513844922185  0.002661322243511677 
20.0 0.00320273800753057  0.002600540639832616 
21.0 0.0031404844485223293  0.002543732523918152 
22.0 0.0030617162119597197  0.0024711242876946926 
23.0 0.003082405077293515  0.00243721017614007 
24.0 0.003149458672851324  0.0023687093053013086 
25.0 0.003022297052666545  0.002334869233891368 
26.0 0.003059938782826066  0.0022814434487372637 
27.0 0.0028206638526171446  0.002232467057183385 
28.0 0.0027715209871530533  0.002196907764300704 
29.0 0.0026320198085159063  0.002162068849429488 
30.0 0.0027664906810969114  0.002120044780895114 
31.0 0.0027638301253318787  0.0021056653931736946 
32.0 0.0027196924202144146  0.0020645400509238243 
33.0 0.0024780260864645243  0.002025340450927615 
34.0 0.002388731110841036  0.0019990212749689817 
35.0 0.0023560132831335068  0.0019755668472498655 
36.0 0.0022256835363805294  0.0019418115261942148 
37.0 0.0022567473351955414  0.001909474958665669 
38.0 0.0023196858819574118  0.0018896361580118537 
39.0 0.0022540453355759382  0.0018570719985291362 
40.0 0.0021561933681368828  0.001841181656345725 
41.0 0.002108185086399317  0.0018135645659640431 
42.0 0.0022047830279916525  0.0017851396696642041 
43.0 0.0021160589531064034  0.0017703537596389651 
44.0 0.0021869807969778776  0.0017408693674951792 
45.0 0.002195189241319895  0.001723053865134716 
46.0 0.002039550570771098  0.0017106805462390184 
47.0 0.002139032818377018  0.0016796882264316082 
48.0 0.0020745021756738424  0.0016673749778419733 
49.0 0.0020174039527773857  0.0016532884910702705 
50.0 0.0019294165540486574  0.001632208819501102 
51.0 0.001907947240397334  0.0016131182201206684 
52.0 0.0018380332039669156  0.0015980397583916783 
53.0 0.0018834959482774138  0.001572202192619443 
54.0 0.0018729247385635972  0.001557455863803625 
55.0 0.0019008945673704147  0.0015423970762640238 
56.0 0.0018305619014427066  0.0015248717973008752 
57.0 0.0018385360017418861  0.001503925770521164 
58.0 0.0018007989274337888  0.0014933109050616622 
59.0 0.0018186261877417564  0.0014762862119823694 
60.0 0.0017057290533557534  0.0014591892249882221 
61.0 0.001735865487717092  0.0014362368965521455 
62.0 0.0017481102840974927  0.001422243076376617 
63.0 0.0018178094178438187  0.0013978522038087249 
64.0 0.0017794001614674926  0.001375786610879004 
65.0 0.0017829221906140447  0.001350297243334353 
66.0 0.001705481787212193  0.0013113603927195072 
67.0 0.0015985012287274003  0.001282125129364431 
68.0 0.001688902615569532  0.0012573846615850925 
69.0 0.0016262924764305353  0.0012372162891551852 
70.0 0.0016633649356663227  0.0012223460944369435 
71.0 0.0016423442866653204  0.0012137724552303553 
72.0 0.001682062866166234  0.0011960862902924418 
73.0 0.0016605175333097577  0.001183622982352972 
74.0 0.001782029983587563  0.0011751437559723854 
75.0 0.0017218815628439188  0.001157643273472786 
76.0 0.001676048501394689  0.001152130775153637 
77.0 0.0016964853275567293  0.0011368667474016547 
78.0 0.001758245867677033  0.0011303641367703676 
79.0 0.0016469592228531837  0.001125958631746471 
80.0 0.001612034160643816  0.0011147439945489168 
81.0 0.001699934946373105  0.0011075297370553017 
82.0 0.0016174439806491137  0.0010990840382874012 
83.0 0.001652394887059927  0.0010910209966823459 
84.0 0.0016087139956653118  0.0010840478353202343 
85.0 0.0016591678140684962  0.0010772927198559046 
86.0 0.0017220849404111505  0.0010724986204877496 
87.0 0.0016695191152393818  0.0010681432904675603 
