0.0 0.04406030848622322  0.0828816369175911 
1.0 0.028896179050207138  0.029553506523370743 
2.0 0.012702618725597858  0.015789400786161423 
3.0 0.009252231568098068  0.010290323756635189 
4.0 0.007893146015703678  0.008533434011042118 
5.0 0.007002141792327166  0.007664720062166452 
6.0 0.006619551684707403  0.0071336147375404835 
7.0 0.00642751669511199  0.006732827052474022 
8.0 0.006354067008942366  0.006383960600942373 
9.0 0.006153402850031853  0.006102057173848152 
10.0 0.006546443793922663  0.005851095076650381 
11.0 0.00651064608246088  0.0056264037266373634 
12.0 0.005991433281451464  0.005429636687040329 
13.0 0.0067359753884375095  0.005274306051433086 
14.0 0.00642338627949357  0.005142648704349995 
15.0 0.006194974295794964  0.005036970600485802 
16.0 0.0061682057566940784  0.004943770822137594 
17.0 0.006010416895151138  0.004867831710726023 
18.0 0.00563852721825242  0.004799877759069204 
19.0 0.005729497876018286  0.004730797838419676 
20.0 0.0055118948221206665  0.004672249313443899 
21.0 0.005482031032443047  0.00461720023304224 
22.0 0.005205261986702681  0.004574793390929699 
23.0 0.004883427172899246  0.004528919700533152 
24.0 0.004929739516228437  0.004486126825213432 
25.0 0.0047165038995444775  0.004441562108695507 
26.0 0.004702172242105007  0.004398743622004986 
27.0 0.004510978236794472  0.0043622651137411594 
28.0 0.004527007695287466  0.0043220240622758865 
29.0 0.004466939717531204  0.004270731471478939 
30.0 0.004383564926683903  0.00419966597110033 
31.0 0.004509941209107637  0.004071972798556089 
32.0 0.004414143040776253  0.0039083524607121944 
33.0 0.003846570383757353  0.0037979779299348593 
34.0 0.004192863591015339  0.0037271277979016304 
35.0 0.003557938849553466  0.003651570063084364 
36.0 0.0036818908993154764  0.003594756592065096 
37.0 0.004278786014765501  0.0035101554822176695 
38.0 0.00439422344788909  0.003455627243965864 
39.0 0.0033470161724835634  0.0034085186198353767 
40.0 0.003721072571352124  0.003317435970529914 
41.0 0.0033968540374189615  0.003266196930781007 
42.0 0.005011567380279303  0.0031756507232785225 
43.0 0.0036756142508238554  0.0031286957673728466 
44.0 0.004227832891047001  0.0031333339866250753 
45.0 0.0036838026717305183  0.002985315630212426 
46.0 0.0038170390762388706  0.0030175144784152508 
47.0 0.003582936944440007  0.002938228892162442 
48.0 0.0037982382345944643  0.0029048670548945665 
49.0 0.004233204293996096  0.0028246042784303427 
50.0 0.0029254970140755177  0.0028556850738823414 
51.0 0.0035561725962907076  0.0028033836279064417 
52.0 0.0026234975084662437  0.0027800218667834997 
53.0 0.004081910941749811  0.0027597888838499784 
54.0 0.0037873226683586836  0.0027321986854076385 
55.0 0.00475266482681036  0.0034066857770085335 
56.0 0.0038138816598802805  0.003801309736445546 
57.0 0.0035441822838038206  0.0035673079546540976 
58.0 0.003704683855175972  0.0034439319279044867 
59.0 0.0036261470522731543  0.0033365311101078987 
60.0 0.003583932528272271  0.0032441162038594484 
61.0 0.003972886595875025  0.0031653442420065403 
62.0 0.004111093003302813  0.003092546248808503 
63.0 0.003966879099607468  0.003033219138160348 
64.0 0.003474991302937269  0.002963689621537924 
65.0 0.0033685241360217333  0.0028957538306713104 
66.0 0.0033419830724596977  0.002843279857188463 
67.0 0.004379942547529936  0.002760423580184579 
68.0 0.004294231999665499  0.002721227938309312 
69.0 0.0036388076841831207  0.0026496078353375196 
70.0 0.003804338863119483  0.002562619047239423 
71.0 0.003094505053013563  0.0025038120802491903 
72.0 0.0031970422714948654  0.0024215439334511757 
