0.0 0.004634912591427565  0.028829632326960564 
1.0 0.0036933980882167816  0.0034707922022789717 
2.0 0.003120819106698036  0.002386480802670121 
3.0 0.001500187092460692  0.0018052044324576855 
4.0 0.001104222028516233  0.0014401630032807589 
5.0 0.0009337661322206259  0.0011865500127896667 
6.0 0.0008105487795546651  0.0010049731936305761 
7.0 0.0006631296710111201  0.0008602677844464779 
8.0 0.0005850192974321544  0.0007554600015282631 
9.0 0.0005023411940783262  0.0006778486422263086 
10.0 0.0004616562509909272  0.0006135653820820153 
11.0 0.00040401567821390927  0.0005661624018102884 
12.0 0.0004323132161516696  0.0005283372011035681 
13.0 0.00038654846139252186  0.0004898672923445702 
14.0 0.0004008888208772987  0.0004657425743062049 
15.0 0.0003679422661662102  0.0004437815223354846 
16.0 0.0003785790759138763  0.00042415695497766137 
17.0 0.00030463028815574944  0.00040729434113018215 
18.0 0.00034493120620027184  0.00039337045745924115 
19.0 0.0003062585892621428  0.00037686480209231377 
20.0 0.0002727859537117183  0.0003636567562352866 
21.0 0.00034467739169485867  0.00035383497015573084 
22.0 0.0002873053017538041  0.0003430760698392987 
23.0 0.0003056789864785969  0.0003329382452648133 
24.0 0.00024055004178080708  0.00032367827952839434 
25.0 0.00024264607054647058  0.0003133418213110417 
26.0 0.000289356306893751  0.00030438497196882963 
27.0 0.00022470916155725718  0.00029723707120865583 
28.0 0.00023589198826812208  0.00029035480110906065 
29.0 0.00024638668401166797  0.00028506488888524473 
30.0 0.00025026313960552216  0.00027680530911311507 
31.0 0.0002478772075846791  0.0002711822744458914 
32.0 0.00022049302060622722  0.00026600941782817245 
33.0 0.0002314194425707683  0.0002572538214735687 
34.0 0.00020219194993842393  0.00025263341376557946 
35.0 0.0002265428629470989  0.00024913036031648517 
36.0 0.00019509442790877074  0.00024131126701831818 
37.0 0.00021178642055019736  0.00023900529777165502 
38.0 0.00019142711244057864  0.00023409852292388678 
39.0 0.00018127626390196383  0.00022625908604823053 
40.0 0.0002814799372572452  0.00022605652338825166 
41.0 0.00019801575399469584  0.00022065889788791537 
42.0 0.00033190936665050685  0.0002205374912591651 
43.0 0.0001677137188380584  0.00021337991347536445 
44.0 0.0001821911137085408  0.00021154337446205318 
45.0 0.00018993129197042435  0.00021044407912995666 
46.0 0.0002758436312433332  0.0002019717067014426 
47.0 0.0001458037440897897  0.0002004002599278465 
48.0 0.0002498995163477957  0.00019837971194647253 
49.0 0.00014645788178313524  0.00019597327627707273 
50.0 0.0001925734686665237  0.00019351448281668127 
51.0 0.00020162513828836381  0.0001911287399707362 
52.0 0.00013911623682361096  0.00018856319366022944 
53.0 0.00016513513401150703  0.00018557252769824117 
54.0 0.00016570650041103363  0.00018304599507246166 
55.0 0.00015718517533969134  0.0001818045711843297 
56.0 0.0001532252790639177  0.0001794199488358572 
57.0 0.00014992346405051649  0.00017713007400743663 
58.0 0.0001410068362019956  0.00017465715063735843 
59.0 0.0001388332893839106  0.00017304965876974165 
60.0 0.0001305218756897375  0.00017079885583370924 
61.0 0.0003190787974745035  0.0001704664173303172 
62.0 0.00018929527141153812  0.0001675483217695728 
63.0 0.0001682286529103294  0.00016461426275782287 
64.0 0.00024333449255209416  0.00016471360868308693 
65.0 0.00013735554239246994  0.00016095924365799874 
66.0 0.00017141891294158995  0.00016081925423350185 
67.0 0.00015631693531759083  0.00015927571803331375 
68.0 0.00015160268230829388  0.00015721417730674148 
69.0 0.00013896678865421563  0.00015551729302387685 
70.0 0.00019555367180146277  0.00015536246064584702 
71.0 0.00014860104420222342  0.00015285282279364765 
72.0 0.00011917439405806363  0.00015178124886006117 
73.0 0.00018119598098564893  0.0001513382012490183 
74.0 0.00015015073586255312  0.00014799989003222436 
75.0 0.00014804831880610436  0.00014765188097953796 
76.0 0.00013889164256397635  0.00014635795378126204 
77.0 0.0001339296723017469  0.00014512303459923714 
78.0 0.00014286322402767837  0.00014405464753508568 
79.0 0.00013383344048634171  0.00014283054042607546 
80.0 0.0001290770451305434  0.0001415982114849612 
81.0 0.00012809335021302104  0.00014035525964573026 
82.0 0.00014347676187753677  0.0001400634355377406 
83.0 0.0001656755048315972  0.0001392543490510434 
84.0 0.00011724957585101947  0.0001369992969557643 
85.0 0.00012753187911584973  0.00013800129818264395 
86.0 0.00012058290303684771  0.00013569842849392444 
87.0 0.00012562125630211085  0.00013498382759280503 
88.0 0.00012325872376095504  0.0001336534769507125 
89.0 0.00012042620801366866  0.00013279527775011957 
90.0 0.00011811628064606339  0.00013190794561523944 
91.0 0.00012782042904291302  0.0001309341168962419 
92.0 0.00012169356341473758  0.0001302148448303342 
93.0 0.0001286328479181975  0.00012884633906651288 
94.0 0.00013101745571475476  0.0001282340381294489 
95.0 0.0001233556104125455  0.0001276106049772352 
96.0 0.00013318222772795707  0.00012648401025217026 
97.0 0.00014005007687956095  0.00012574756692629308 
98.0 0.0001419174950569868  0.00012521009193733335 
99.0 0.00017215740808751434  0.000124238315038383 
100.0 0.0001448470720788464  0.00012303944095037878 
101.0 0.00015949850785546005  0.00012274559412617236 
102.0 0.00016275132657028735  0.00012182137288618833 
103.0 0.00017932923219632357  0.00012119083839934319 
104.0 0.00017354308511130512  0.00012027852062601596 
