0.0 0.07710904628038406  0.11371932923793793 
1.0 0.053505703806877136  0.060439493507146835 
2.0 0.034828703850507736  0.0412435382604599 
3.0 0.03235609084367752  0.029032623395323753 
4.0 0.026157721877098083  0.023836925625801086 
5.0 0.02130834013223648  0.02102586254477501 
6.0 0.02270001918077469  0.019011883065104485 
7.0 0.021658360958099365  0.017451638355851173 
8.0 0.01875099539756775  0.01626289077103138 
9.0 0.021750103682279587  0.015247778035700321 
10.0 0.02361292392015457  0.014599011279642582 
11.0 0.022047629579901695  0.013870772905647755 
12.0 0.01633739098906517  0.013496926985681057 
13.0 0.021556781604886055  0.012841624207794666 
14.0 0.022340677678585052  0.012368581257760525 
15.0 0.012642601504921913  0.012030160054564476 
16.0 0.01465236209332943  0.011801040731370449 
17.0 0.016849074512720108  0.011240382678806782 
18.0 0.013250294141471386  0.011073699221014977 
19.0 0.01735049858689308  0.01080507505685091 
20.0 0.01294019352644682  0.010557224042713642 
21.0 0.014199004508554935  0.010153486393392086 
22.0 0.013772853650152683  0.009860879741609097 
23.0 0.012703260406851768  0.00976037047803402 
24.0 0.009075725451111794  0.009505514986813068 
25.0 0.008311990648508072  0.009449762292206287 
26.0 0.009694820269942284  0.009148774668574333 
27.0 0.009892496280372143  0.0089908791705966 
28.0 0.008652906864881516  0.008948405273258686 
29.0 0.0075261336751282215  0.008571652695536613 
30.0 0.00995373073965311  0.008468090556561947 
31.0 0.008255145512521267  0.008395083248615265 
32.0 0.006703214719891548  0.0081953639164567 
33.0 0.007304564118385315  0.008230632171034813 
34.0 0.007221352308988571  0.007853531278669834 
35.0 0.009872907772660255  0.007901175878942013 
36.0 0.009921763092279434  0.007672828622162342 
37.0 0.008837031200528145  0.007586577907204628 
38.0 0.00782809779047966  0.007331239525228739 
39.0 0.0077647059224545956  0.007331235334277153 
40.0 0.008973418734967709  0.007183153182268143 
41.0 0.006731067318469286  0.0070487139746546745 
42.0 0.009748057462275028  0.006847701966762543 
43.0 0.006930987816303968  0.006834644358605146 
44.0 0.007884472608566284  0.0067220828495919704 
45.0 0.0075972904451191425  0.006739710457623005 
46.0 0.007797108497470617  0.006633162498474121 
47.0 0.0067369830794632435  0.006487641017884016 
48.0 0.00889789778739214  0.006333036348223686 
49.0 0.0060789575800299644  0.006360805593430996 
50.0 0.007015390321612358  0.006284364964812994 
51.0 0.005909735336899757  0.006152418442070484 
52.0 0.006609526462852955  0.006085646338760853 
53.0 0.006420358549803495  0.005982290022075176 
54.0 0.006550765596330166  0.006024891044944525 
55.0 0.005216091871261597  0.005799297243356705 
56.0 0.007084691897034645  0.005736783146858215 
57.0 0.0056766122579574585  0.005613469518721104 
58.0 0.008322752080857754  0.005692474078387022 
59.0 0.006176164839416742  0.005576117895543575 
60.0 0.005574006121605635  0.005502770654857159 
61.0 0.005141082685440779  0.005320196505635977 
62.0 0.005241557024419308  0.005286805331707001 
63.0 0.007508473936468363  0.005299337673932314 
64.0 0.006018447689712048  0.00528670521453023 
65.0 0.005330294370651245  0.005110397003591061 
66.0 0.00466479966416955  0.005121087189763784 
67.0 0.00742870569229126  0.00490633025765419 
68.0 0.009575006552040577  0.004978154320269823 
69.0 0.006943919695913792  0.005117620807141066 
70.0 0.00766340596601367  0.004968186374753714 
71.0 0.0059411474503576756  0.004846121650189161 
72.0 0.0066876946948468685  0.0048401933163404465 
73.0 0.006689056288450956  0.004737926181405783 
74.0 0.006164461374282837  0.004693417809903622 
75.0 0.0076513104140758514  0.0046392325311899185 
76.0 0.005843047518283129  0.0047399806790053844 
77.0 0.007505917921662331  0.004552381578832865 
78.0 0.004868188872933388  0.004637403413653374 
79.0 0.0070695518516004086  0.004448757041245699 
80.0 0.005423510912805796  0.004602789878845215 
81.0 0.0061760214157402515  0.004528018645942211 
82.0 0.00489024119451642  0.0044907149858772755 
83.0 0.004507111851125956  0.0044606090523302555 
84.0 0.005458371713757515  0.004361473023891449 
85.0 0.004336325451731682  0.004410885274410248 
86.0 0.0051055001094937325  0.0042538270354270935 
87.0 0.004612711723893881  0.0042803422547876835 
88.0 0.004944999702274799  0.004172114189714193 
89.0 0.004558730870485306  0.004188081249594688 
90.0 0.004120000172406435  0.004150260239839554 
91.0 0.004831585101783276  0.004156856797635555 
92.0 0.004288539756089449  0.004123243968933821 
93.0 0.0043357424437999725  0.003967279102653265 
94.0 0.004206666722893715  0.004067237488925457 
95.0 0.0036363229155540466  0.004036362748593092 
96.0 0.00480735395103693  0.0038849085103720427 
97.0 0.00387885351665318  0.003946391399949789 
98.0 0.004162460565567017  0.0039770957082509995 
99.0 0.004167604260146618  0.003820117563009262 
100.0 0.005583212245255709  0.003833784954622388 
101.0 0.004152393899857998  0.003862532554194331 
102.0 0.003657659748569131  0.003781742649152875 
103.0 0.003867143066599965  0.0037877825088799 
104.0 0.003880677279084921  0.0037534967996180058 
105.0 0.004824730567634106  0.0037861119490116835 
106.0 0.003715037601068616  0.003728642128407955 
107.0 0.004019934218376875  0.0036784005351364613 
108.0 0.004030242096632719  0.003654796164482832 
109.0 0.004051405005156994  0.0036441576667129993 
110.0 0.003992666024714708  0.00359640596434474 
111.0 0.0032802748028188944  0.003684889292344451 
112.0 0.004475240129977465  0.0034720501862466335 
113.0 0.003746908623725176  0.003558885771781206 
114.0 0.00404388876631856  0.0035566664300858974 
115.0 0.003507432993501425  0.0035383852664381266 
116.0 0.003453457960858941  0.0035252519883215427 
117.0 0.003530672751367092  0.0034922752529382706 
118.0 0.003683377057313919  0.0034319907426834106 
119.0 0.004469463601708412  0.0035498649813234806 
120.0 0.003405536524951458  0.0034408767241984606 
121.0 0.003773086005821824  0.003480099141597748 
122.0 0.003752433694899082  0.0033500066492706537 
123.0 0.003556173760443926  0.0034379111602902412 
124.0 0.0032965100836008787  0.0033979329746216536 
125.0 0.0037006004713475704  0.0032934134360402822 
126.0 0.0039269085973501205  0.0033480057027190924 
127.0 0.003697502426803112  0.003339072223752737 
128.0 0.0033138145226985216  0.003314635017886758 
129.0 0.0036068542394787073  0.003258230397477746 
130.0 0.003451805328950286  0.0032510682940483093 
131.0 0.004064897540956736  0.0032278879079967737 
