0.0 0.005363110452890396  0.0395483635365963 
1.0 0.003245909232646227  0.004068974405527115 
2.0 0.0018735226476565003  0.0026080149691551924 
3.0 0.0014668973162770271  0.001918714726343751 
4.0 0.001156112877652049  0.0014819519128650427 
5.0 0.0008626190247014165  0.0011808042181655765 
6.0 0.0007971263839863241  0.0009713916224427521 
7.0 0.0009255587938241661  0.0008381789084523916 
8.0 0.0006353851640596986  0.0007340287556871772 
9.0 0.0006700839730910957  0.0006644031964242458 
10.0 0.0005448755691759288  0.0006139591569080949 
11.0 0.0005596947739832103  0.0005683027557097375 
12.0 0.0004940659273415804  0.0005391903105191886 
13.0 0.0005033930647186935  0.0005025538266636431 
14.0 0.0004898895858787  0.0004794247215613723 
15.0 0.0004940704093314707  0.00045757091720588505 
16.0 0.0005259142490103841  0.000436465663369745 
17.0 0.0005246518994681537  0.0004202180716674775 
18.0 0.0005174584221094847  0.00040309931500814855 
19.0 0.0005322379874996841  0.0003872553934343159 
20.0 0.0005088504985906184  0.0003767703892663121 
21.0 0.00039063338772393763  0.0003621717623900622 
22.0 0.00043234805343672633  0.0003522453480400145 
23.0 0.00037426763447001576  0.00034097168827429414 
24.0 0.00034810553188435733  0.0003309483581688255 
25.0 0.00030500744469463825  0.0003208518901374191 
26.0 0.00030323475948534906  0.00031174704781733453 
27.0 0.0002870313765015453  0.00030380484531633556 
28.0 0.00028065117658115923  0.00029543423443101346 
29.0 0.000322291802149266  0.00028884588391520083 
30.0 0.0002997536794282496  0.0002824365219566971 
31.0 0.0003073588595725596  0.0002757174370344728 
32.0 0.00033569973311387  0.00026958525995723903 
33.0 0.00030003944993950427  0.00026339342002756894 
34.0 0.00031649883021600544  0.0002589676296338439 
35.0 0.00036565464688465  0.0002529890334699303 
36.0 0.00035552523331716657  0.00024812761694192886 
37.0 0.00034092774149030447  0.00024396706430707127 
38.0 0.0003850381472148001  0.00023901248641777784 
39.0 0.0003586987731978297  0.00023478704679291695 
40.0 0.00036524044116958976  0.00023081654217094183 
41.0 0.0003594385925680399  0.00022717250976711512 
42.0 0.0003168157418258488  0.00022282797726802528 
43.0 0.0003089147212449461  0.00021936780831310898 
44.0 0.0002701636403799057  0.00021770320017822087 
45.0 0.00022655741486232728  0.00021349322923924774 
46.0 0.00034418373252265155  0.00020859036885667592 
47.0 0.00027585169300436974  0.00020564017177093774 
48.0 0.00025727011961862445  0.00020400086941663176 
49.0 0.00025182528770528734  0.0002010319585679099 
50.0 0.00018798206292558461  0.00020023930119350553 
51.0 0.00026135644293390214  0.00019474017608445138 
52.0 0.00026422739028930664  0.0001929674472194165 
53.0 0.0002866183640435338  0.0001884765224531293 
54.0 0.00029681267915293574  0.0001870468695415184 
55.0 0.00023692302056588233  0.0001862997014541179 
56.0 0.000200217793462798  0.00018533391994424164 
57.0 0.00021422984718810767  0.00017972338537219912 
58.0 0.00016033175052143633  0.0001807840308174491 
59.0 0.0002579860156401992  0.0001746976049616933 
60.0 0.00015752523904666305  0.00017712566477712244 
61.0 0.0002239635941805318  0.00017079096869565547 
62.0 0.0001656503154663369  0.00017218964057974517 
63.0 0.00014478820958174765  0.0001696974504739046 
64.0 0.00021544418996199965  0.0001649819314479828 
65.0 0.00015541233005933464  0.00016717237303964794 
66.0 0.00015757772780489177  0.00016345501353498548 
67.0 0.00020295816648285836  0.00015992885164450854 
68.0 0.00021146168000996113  0.00016075713210739195 
69.0 0.00019119599892292172  0.00015794647333677858 
70.0 0.00019462469208519906  0.00015625085507053882 
71.0 0.00018367967277299613  0.00015507150965277106 
72.0 0.00017028873844537884  0.00015372115012723953 
73.0 0.0001632162748137489  0.00015263532986864448 
74.0 0.00015885387256275862  0.00015124202764127403 
75.0 0.00015298050129786134  0.00014988877228461206 
76.0 0.00014978135004639626  0.0001485531684011221 
77.0 0.0001377597509417683  0.00014734442811459303 
78.0 0.00013876396405976266  0.00014606390323024243 
79.0 0.00012795024667866528  0.00014494145580101758 
80.0 0.00013749708887189627  0.00014374587044585496 
81.0 0.00013158292858861387  0.000142869699629955 
82.0 0.0001442084467271343  0.00014121364802122116 
83.0 0.00013454386498779058  0.00014097284292802215 
84.0 0.00015194488514680415  0.00013944637612439692 
85.0 0.00012011014769086614  0.00013790519733447582 
86.0 0.00013154301268514246  0.0001370628015138209 
87.0 0.0001326122146565467  0.00013603716797661036 
88.0 0.00015085501945577562  0.0001354812557110563 
89.0 0.00014674340491183102  0.0001344928750768304 
90.0 0.00014065142022445798  0.00013312295777723193 
91.0 0.00013287032197695225  0.0001317213464062661 
92.0 0.00013415601279120892  0.00013145898992661387 
93.0 0.00014038335939403623  0.00012990940012969077 
94.0 0.00015782343689352274  0.0001287133782170713 
95.0 0.00013803676120005548  0.00012841180432587862 
96.0 0.00013686894089914858  0.00012708549911621958 
97.0 0.00012626156967598945  0.00012627296382561326 
98.0 0.00017595593817532063  0.00012474479444790632 
99.0 0.00012191363930469379  0.00012489984510466456 
100.0 0.00012377006351016462  0.00012373292702250183 
101.0 0.00015266962873283774  0.00012203324877191335 
102.0 0.0001357684377580881  0.0001217070675920695 
103.0 0.00011358088522683829  0.0001209785186802037 
104.0 0.0001238589029526338  0.00011970984633080661 
105.0 0.00012398471881169826  0.00011905297287739813 
106.0 0.0001225329760927707  0.0001181487605208531 
107.0 0.0001194477008539252  0.00011727424862328917 
108.0 0.00017712074622977525  0.00011552646174095571 
109.0 0.00011001840175595134  0.00011620523582678288 
110.0 0.0001371839753119275  0.00011421027011238039 
111.0 0.00015490077203139663  0.00011515419464558363 
112.0 0.00011466396244941279  0.000112711830297485 
113.0 0.00012146367953391746  0.00011229170922888443 
114.0 0.0001282600569538772  0.00011155998799949884 
115.0 0.00012483021419029683  0.00011118884140159935 
116.0 0.0001254352246178314  0.00011071874178014696 
117.0 0.00015132523549254984  0.00010949383431579918 
118.0 0.00016853137640282512  0.00010933605517493561 
119.0 0.00012172384595032781  0.00010785468475660309 
120.0 0.00015973592235241085  0.00010812859545694664 
121.0 0.0001255141687579453  0.0001064074895111844 
122.0 0.00016083024092949927  0.00010592838225420564 
123.0 0.00016149022849276662  0.00010558820213191211 
124.0 0.00015854959201533347  0.00010492494038771838 
125.0 0.00016593160398770124  0.00010428277892060578 
126.0 0.00016659111133776605  0.0001037517940858379 
127.0 0.00011168039782205597  0.00010364658373873681 
128.0 0.0001570626482134685  0.00010231032501906157 
129.0 0.00016013409185688943  0.00010315119288861752 
