0.0 0.06698133051395416  0.1078287810087204 
1.0 0.042829420417547226  0.05363786965608597 
2.0 0.03703107684850693  0.03966794162988663 
3.0 0.028926078230142593  0.03209567442536354 
4.0 0.028702957555651665  0.028230510652065277 
5.0 0.026474405080080032  0.02562800422310829 
6.0 0.024384545162320137  0.023797878995537758 
7.0 0.02205263450741768  0.022379808127880096 
8.0 0.02072678878903389  0.021165035665035248 
9.0 0.021095270290970802  0.020153146237134933 
10.0 0.023319903761148453  0.01916501298546791 
11.0 0.019685275852680206  0.017811967059969902 
12.0 0.017407039180397987  0.016498103737831116 
13.0 0.016453983262181282  0.015608367510139942 
14.0 0.015194617211818695  0.014857363887131214 
15.0 0.01798330619931221  0.01424239668995142 
16.0 0.02141805738210678  0.013761340640485287 
17.0 0.017337389290332794  0.013246996328234673 
18.0 0.014406387694180012  0.012846958823502064 
19.0 0.016392096877098083  0.012488079257309437 
20.0 0.01748940534889698  0.012108047492802143 
21.0 0.014536367729306221  0.011905890889465809 
22.0 0.013223395682871342  0.011605066247284412 
23.0 0.012485673651099205  0.01130818109959364 
24.0 0.012780405580997467  0.01099417358636856 
25.0 0.013551748357713223  0.010793586261570454 
26.0 0.012747248634696007  0.010565011762082577 
27.0 0.012262491509318352  0.010362486355006695 
28.0 0.011722314171493053  0.01015562191605568 
29.0 0.01330056507140398  0.009944051504135132 
30.0 0.011991959996521473  0.009750071913003922 
31.0 0.011381919495761395  0.009571184404194355 
32.0 0.011143571697175503  0.009468752890825272 
33.0 0.01189363468438387  0.009212362580001354 
34.0 0.01176708098500967  0.009121060371398926 
35.0 0.011332041583955288  0.009043964557349682 
36.0 0.011492587625980377  0.008848248049616814 
37.0 0.010845477692782879  0.008724587969481945 
38.0 0.009836644865572453  0.008622256107628345 
39.0 0.01067047193646431  0.008502736687660217 
40.0 0.010721676982939243  0.0084117716178298 
41.0 0.009484363719820976  0.008287573233246803 
42.0 0.010279313661158085  0.008214058354496956 
43.0 0.00987265631556511  0.008094055578112602 
44.0 0.009780910797417164  0.008018763735890388 
45.0 0.009840610437095165  0.007937604561448097 
46.0 0.008822377771139145  0.007842494174838066 
47.0 0.008607428520917892  0.007789296563714743 
48.0 0.008611937053501606  0.007664545904844999 
49.0 0.008424811065196991  0.0076165697537362576 
50.0 0.00848410651087761  0.0075392653234303 
51.0 0.008155054412782192  0.007463098969310522 
52.0 0.00817229226231575  0.007416185922920704 
53.0 0.007996282540261745  0.007299402263015509 
54.0 0.007824569009244442  0.0072446479462087154 
55.0 0.007946808822453022  0.0071928780525922775 
56.0 0.007723295595496893  0.007126413285732269 
57.0 0.00797914620488882  0.0070527587085962296 
58.0 0.008052070625126362  0.007009303197264671 
59.0 0.007741774898022413  0.006911397911608219 
60.0 0.007664388976991177  0.006885078735649586 
61.0 0.007635550573468208  0.006816806271672249 
62.0 0.007553744129836559  0.006755799055099487 
63.0 0.007406636606901884  0.0067022452130913734 
64.0 0.007462451700121164  0.006677637808024883 
65.0 0.007223898079246283  0.0065645272843539715 
66.0 0.007316223811358213  0.006513164844363928 
67.0 0.0071320305578410625  0.006485406309366226 
68.0 0.00717929657548666  0.006432081572711468 
69.0 0.006849696859717369  0.006379008758813143 
70.0 0.006948833353817463  0.006335986778140068 
71.0 0.006800864357501268  0.006282528396695852 
72.0 0.006773123983293772  0.006233882624655962 
73.0 0.006559069734066725  0.0062026893720030785 
74.0 0.0063086990267038345  0.006170236971229315 
75.0 0.006739109288901091  0.006116283126175404 
76.0 0.007010164204984903  0.006024086382240057 
77.0 0.006403424311429262  0.006001873407512903 
78.0 0.006945035420358181  0.005938507150858641 
79.0 0.006640485487878323  0.005904464516788721 
80.0 0.0065781972371041775  0.005852179601788521 
81.0 0.006802995689213276  0.00581166660413146 
82.0 0.0063481200486421585  0.005740767810493708 
83.0 0.005936805158853531  0.005706345662474632 
84.0 0.006204310338944197  0.005662696436047554 
85.0 0.005982914473861456  0.005599332973361015 
86.0 0.006197980139404535  0.0055823177099227905 
87.0 0.005988318007439375  0.005525774322450161 
88.0 0.005796538200229406  0.005497208796441555 
89.0 0.005793953780084848  0.005469528492540121 
90.0 0.005782253574579954  0.005446046125143766 
91.0 0.005810285918414593  0.0053753177635371685 
92.0 0.005681867245584726  0.005374331492930651 
93.0 0.005489182658493519  0.005329216830432415 
94.0 0.005831955466419458  0.005303331650793552 
95.0 0.005524338688701391  0.005275753326714039 
96.0 0.005529248621314764  0.005240342579782009 
97.0 0.005580780562013388  0.005213554948568344 
98.0 0.0054503693245351315  0.005183503031730652 
99.0 0.005454735830426216  0.00516156479716301 
100.0 0.005392576567828655  0.00510851014405489 
101.0 0.005540273617953062  0.005085319746285677 
102.0 0.005572406575083733  0.0050550904124975204 
103.0 0.00534267071634531  0.005025920923799276 
104.0 0.005341863725334406  0.004992709029465914 
105.0 0.00547415018081665  0.00497839180752635 
106.0 0.0053089819848537445  0.004960416350513697 
107.0 0.0054766288958489895  0.004930274095386267 
108.0 0.00508898263797164  0.0049162376672029495 
109.0 0.005504269618541002  0.00488283159211278 
110.0 0.005182279273867607  0.0048699877224862576 
111.0 0.005600747186690569  0.004841822665184736 
112.0 0.005265471991151571  0.004823456984013319 
113.0 0.005067653022706509  0.004809997975826263 
114.0 0.0052344463765621185  0.004777086898684502 
115.0 0.005264690611511469  0.004766914062201977 
116.0 0.005138654261827469  0.004738113842904568 
117.0 0.00500154634937644  0.004729773383587599 
118.0 0.004993807058781385  0.004694923758506775 
119.0 0.005052939057350159  0.004672194365411997 
120.0 0.005079794209450483  0.00467118714004755 
121.0 0.005185420624911785  0.004659928381443024 
122.0 0.0050323400646448135  0.004655240103602409 
123.0 0.004792029969394207  0.004627638962119818 
124.0 0.004935204051434994  0.004604106768965721 
125.0 0.00541324820369482  0.004578047897666693 
126.0 0.005155535414814949  0.004573307931423187 
127.0 0.005015118978917599  0.004561360459774733 
128.0 0.004868632182478905  0.004530869424343109 
129.0 0.005082416348159313  0.004518686793744564 
130.0 0.004729903303086758  0.004515072796493769 
131.0 0.004853824153542519  0.004480176605284214 
132.0 0.004859796725213528  0.004470522981137037 
133.0 0.00495635811239481  0.00445860531181097 
134.0 0.004920329432934523  0.00444620568305254 
135.0 0.004729557316750288  0.004442904610186815 
136.0 0.004695809446275234  0.004423849750310183 
137.0 0.004652033559978008  0.004413129761815071 
138.0 0.0046849679201841354  0.004392482805997133 
139.0 0.004595580976456404  0.004385589621961117 
140.0 0.0048719835467636585  0.0043555921874940395 
141.0 0.004911073017865419  0.00437350245192647 
142.0 0.004890752956271172  0.00433209678158164 
143.0 0.005065284203737974  0.0043203202076256275 
144.0 0.004602465312927961  0.0043282159604132175 
145.0 0.004727722145617008  0.0042955330573022366 
146.0 0.004990836605429649  0.0042997924610972404 
147.0 0.0051076351664960384  0.004272385034710169 
148.0 0.0047667548060417175  0.004273724276572466 
149.0 0.004653628449887037  0.004259109031409025 
150.0 0.004758269060403109  0.004254089202731848 
151.0 0.004812812898308039  0.004235989414155483 
152.0 0.0048382957465946674  0.004216756671667099 
153.0 0.004669571295380592  0.004208162426948547 
154.0 0.004613462369889021  0.004205990117043257 
155.0 0.004505302757024765  0.004196872003376484 
156.0 0.004551538731902838  0.004185033496469259 
157.0 0.004439979791641235  0.004199532326310873 
158.0 0.004622696433216333  0.004149383865296841 
159.0 0.004608397372066975  0.00414634682238102 
160.0 0.004416130483150482  0.004155904985964298 
161.0 0.00442472891882062  0.004133746027946472 
162.0 0.004412746522575617  0.004113718401640654 
163.0 0.004510391037911177  0.004113308619707823 
164.0 0.004439058713614941  0.004098629113286734 
165.0 0.004371732007712126  0.004102697130292654 
166.0 0.004346802830696106  0.004083468113094568 
167.0 0.004420075565576553  0.004072731360793114 
168.0 0.004376756027340889  0.004065291956067085 
169.0 0.004338868428021669  0.00405831728130579 
170.0 0.004360342398285866  0.004037820268422365 
171.0 0.004349544644355774  0.004040210973471403 
172.0 0.004356532357633114  0.004026258829981089 
173.0 0.004365862812846899  0.0040055084973573685 
174.0 0.004266564268618822  0.004015045240521431 
175.0 0.00427244883030653  0.003986489027738571 
176.0 0.0043227714486420155  0.00397914694622159 
177.0 0.004266833420842886  0.003970819059759378 
178.0 0.004203548654913902  0.003964708652347326 
179.0 0.004194019827991724  0.003952845931053162 
180.0 0.004215781111270189  0.003965520299971104 
181.0 0.004293099977076054  0.0039334166795015335 
182.0 0.004298283252865076  0.003940246067941189 
183.0 0.004322192166000605  0.003918902482837439 
184.0 0.004113879054784775  0.003912706393748522 
185.0 0.004119159188121557  0.0039027773309499025 
186.0 0.004133425187319517  0.0038990669418126345 
187.0 0.004281411878764629  0.0038918424397706985 
188.0 0.004143875557929277  0.0038673975504934788 
189.0 0.004321697633713484  0.003892630571499467 
190.0 0.004119598772376776  0.0038498297799378633 
191.0 0.004237007349729538  0.003870404092594981 
192.0 0.004144818522036076  0.003839755430817604 
193.0 0.004259596578776836  0.0038537560030817986 
194.0 0.004356632009148598  0.0038411456625908613 
195.0 0.004182778764516115  0.0038361677434295416 
196.0 0.004243670962750912  0.0038248535711318254 
197.0 0.004158026538789272  0.0038145012222230434 
198.0 0.004101972561329603  0.0038138781674206257 
199.0 0.004182895179837942  0.0037939243484288454 
