0.0 0.09396626055240631  0.12448649108409882 
1.0 0.06517747044563293  0.07653602957725525 
2.0 0.05190429836511612  0.055869292467832565 
3.0 0.04710708186030388  0.04688631370663643 
4.0 0.044847387820482254  0.04171287640929222 
5.0 0.048001114279031754  0.03848223388195038 
6.0 0.03974127024412155  0.03583137318491936 
7.0 0.03992191329598427  0.03399304300546646 
8.0 0.030624689534306526  0.03207876533269882 
9.0 0.028975630179047585  0.03088151104748249 
10.0 0.02934916876256466  0.02955763414502144 
11.0 0.0280899740755558  0.028385967016220093 
12.0 0.03150676563382149  0.027187855914235115 
13.0 0.028346696868538857  0.025873828679323196 
14.0 0.026298072189092636  0.025026053190231323 
15.0 0.022373326122760773  0.02469482086598873 
16.0 0.033543601632118225  0.023671504110097885 
17.0 0.024589862674474716  0.022967087104916573 
18.0 0.02237922139465809  0.022321391850709915 
19.0 0.02967529557645321  0.021722855046391487 
20.0 0.020831001922488213  0.021097304299473763 
21.0 0.027816465124487877  0.020627401769161224 
22.0 0.017604250460863113  0.019977718591690063 
23.0 0.02555791288614273  0.019667770713567734 
24.0 0.023217959329485893  0.019295189529657364 
25.0 0.020143279805779457  0.018932247534394264 
26.0 0.024752531200647354  0.018827280029654503 
27.0 0.02150880917906761  0.01821739412844181 
28.0 0.018608160316944122  0.017735805362462997 
29.0 0.021102577447891235  0.017495324835181236 
30.0 0.021874848753213882  0.0173522736877203 
31.0 0.020132407546043396  0.017049338668584824 
32.0 0.019680799916386604  0.016669077798724174 
33.0 0.017399782314896584  0.016367273405194283 
34.0 0.015899768099188805  0.015941772609949112 
35.0 0.016442695632576942  0.016036875545978546 
36.0 0.019697409123182297  0.015825726091861725 
37.0 0.018825767561793327  0.015508005395531654 
38.0 0.01772931218147278  0.015236882492899895 
39.0 0.016162458807229996  0.015317789278924465 
40.0 0.019905561581254005  0.014870862476527691 
41.0 0.015325909480452538  0.014939305372536182 
42.0 0.01797753944993019  0.014284871518611908 
43.0 0.01805088482797146  0.01438375934958458 
44.0 0.02604955993592739  0.014468117617070675 
45.0 0.01570657081902027  0.013994330540299416 
46.0 0.0135511364787817  0.013947238214313984 
47.0 0.014352060854434967  0.013706842437386513 
48.0 0.014567123726010323  0.01361258327960968 
49.0 0.014920218847692013  0.013462049886584282 
50.0 0.013131883926689625  0.013278551399707794 
51.0 0.014807981438934803  0.01307551097124815 
52.0 0.021795395761728287  0.012950492091476917 
53.0 0.013216950930655003  0.012753800489008427 
54.0 0.012917413376271725  0.012936773709952831 
55.0 0.014439338818192482  0.012303940951824188 
56.0 0.011872752569615841  0.012570860795676708 
57.0 0.013411871157586575  0.012267440557479858 
58.0 0.013694781810045242  0.012273948639631271 
59.0 0.014592457562685013  0.011957289651036263 
60.0 0.012075463309884071  0.011877819895744324 
61.0 0.01435215026140213  0.011993530206382275 
62.0 0.012138345278799534  0.01176719181239605 
63.0 0.011800846084952354  0.011638741008937359 
64.0 0.011982426978647709  0.011472607962787151 
65.0 0.013837294653058052  0.011537380516529083 
66.0 0.010960019193589687  0.011456858366727829 
67.0 0.019838545471429825  0.011147837154567242 
68.0 0.014742032624781132  0.011303543113172054 
69.0 0.013336343690752983  0.011038019321858883 
70.0 0.01955372281372547  0.01083627250045538 
71.0 0.010762834921479225  0.010834475979208946 
72.0 0.015546687878668308  0.010763565078377724 
73.0 0.01132075022906065  0.010744852013885975 
74.0 0.011338453739881516  0.010552715510129929 
75.0 0.01055779866874218  0.010648109018802643 
76.0 0.009779670275747776  0.010394097305834293 
77.0 0.013111884705722332  0.010466239415109158 
78.0 0.013598066754639149  0.010244378820061684 
79.0 0.013174179941415787  0.010279575362801552 
80.0 0.013845941051840782  0.010246685706079006 
81.0 0.010295258834958076  0.01025254838168621 
82.0 0.011340288445353508  0.00991001445800066 
83.0 0.010693716816604137  0.010037497617304325 
84.0 0.016505157575011253  0.010219968855381012 
85.0 0.011433250270783901  0.00966282095760107 
86.0 0.011068376712501049  0.009892798960208893 
87.0 0.01781725138425827  0.009623359888792038 
88.0 0.012154246680438519  0.009742663241922855 
89.0 0.013137233443558216  0.009508292190730572 
90.0 0.009736509993672371  0.009762396104633808 
91.0 0.009242558851838112  0.009495886974036694 
92.0 0.009127115830779076  0.009356170892715454 
93.0 0.012437216937541962  0.009508760645985603 
94.0 0.011470151133835316  0.009403781034052372 
95.0 0.009675317443907261  0.009500125423073769 
96.0 0.015612553805112839  0.008978934958577156 
97.0 0.012958234176039696  0.009278509765863419 
98.0 0.009800932370126247  0.009023061953485012 
99.0 0.01054062694311142  0.009142126888036728 
100.0 0.0168150682002306  0.009173986501991749 
101.0 0.010030717588961124  0.009264136664569378 
102.0 0.00926358811557293  0.00889107771217823 
103.0 0.012513517402112484  0.009051920846104622 
104.0 0.010318778455257416  0.00895609986037016 
105.0 0.010139874182641506  0.008725029416382313 
106.0 0.009108026511967182  0.00889410637319088 
107.0 0.0119004612788558  0.008778112009167671 
108.0 0.00860806368291378  0.008752960711717606 
109.0 0.01631748676300049  0.008675972931087017 
110.0 0.008874170482158661  0.008643720299005508 
111.0 0.010706909000873566  0.0086573027074337 
112.0 0.010331976227462292  0.008542423136532307 
113.0 0.010785582475364208  0.008358555845916271 
114.0 0.016252629458904266  0.008613348007202148 
115.0 0.01114305667579174  0.008512063883244991 
116.0 0.01318039558827877  0.008306499570608139 
117.0 0.009436232969164848  0.008347208611667156 
118.0 0.009562306106090546  0.00809060875326395 
119.0 0.008476495742797852  0.008398070931434631 
120.0 0.015130884014070034  0.008299604058265686 
121.0 0.01351162139326334  0.00825583841651678 
122.0 0.008861811831593513  0.00818881206214428 
123.0 0.009441288188099861  0.0081108920276165 
124.0 0.007760609034448862  0.00793682411313057 
125.0 0.014976312406361103  0.008190324530005455 
126.0 0.010947837494313717  0.008195800706744194 
127.0 0.013028507120907307  0.008165542036294937 
128.0 0.008267086930572987  0.008081898093223572 
129.0 0.015773138031363487  0.007860997691750526 
130.0 0.014436077326536179  0.008130132220685482 
131.0 0.013682126067578793  0.008154734037816525 
132.0 0.0076142530888319016  0.007889313623309135 
133.0 0.008926503360271454  0.007943869568407536 
134.0 0.015518726781010628  0.007982472889125347 
135.0 0.014662356115877628  0.007634548004716635 
136.0 0.015187096782028675  0.00806422159075737 
137.0 0.010251721367239952  0.007784267887473106 
138.0 0.008585918694734573  0.0076751708984375 
139.0 0.010720370337367058  0.007865156047046185 
140.0 0.01382407359778881  0.007618332747370005 
141.0 0.0073618474416434765  0.007744751870632172 
142.0 0.016366850584745407  0.007838587276637554 
143.0 0.0073814112693071365  0.007628642953932285 
144.0 0.007079203613102436  0.007536261808127165 
145.0 0.009562150575220585  0.007514921482652426 
146.0 0.007309227250516415  0.007503933738917112 
147.0 0.013246898539364338  0.007673583459109068 
148.0 0.011325079947710037  0.007618884090334177 
149.0 0.007977438159286976  0.007672355510294437 
150.0 0.008249602280557156  0.0074255215004086494 
151.0 0.00703057274222374  0.0074274674989283085 
152.0 0.007064740173518658  0.007456950377672911 
153.0 0.0074179694056510925  0.007418829016387463 
154.0 0.009372297674417496  0.007296880707144737 
155.0 0.012529249303042889  0.007348042447119951 
156.0 0.008284839801490307  0.00732130603864789 
157.0 0.006859400309622288  0.0072433860041201115 
158.0 0.016431201249361038  0.007548328023403883 
159.0 0.007552420254796743  0.007212931755930185 
160.0 0.007303897757083178  0.007313204929232597 
161.0 0.0069017414934933186  0.007372485939413309 
162.0 0.016284579411149025  0.007302792742848396 
163.0 0.013711961917579174  0.007152078673243523 
164.0 0.006937736179679632  0.007240462116897106 
165.0 0.0060938443057239056  0.006968500558286905 
166.0 0.007094763685017824  0.007207305170595646 
167.0 0.017353076487779617  0.007136995904147625 
168.0 0.008770156651735306  0.0069559416733682156 
169.0 0.0066419364884495735  0.007060665171593428 
170.0 0.006225177552551031  0.0069192638620734215 
171.0 0.006130740512162447  0.007030669134110212 
172.0 0.006160912103950977  0.006932009477168322 
173.0 0.016314953565597534  0.0068143317475914955 
174.0 0.0072889188304543495  0.006986915599554777 
175.0 0.011196505278348923  0.006777752656489611 
176.0 0.006111502181738615  0.00688139395788312 
177.0 0.006203892175108194  0.006944137625396252 
178.0 0.0067589543759822845  0.006719053722918034 
179.0 0.009763809852302074  0.006800369825214148 
180.0 0.006014041602611542  0.0067909276112914085 
181.0 0.01027119904756546  0.006712242029607296 
182.0 0.007023698650300503  0.006577489897608757 
183.0 0.006197835318744183  0.006710257846862078 
184.0 0.010163374245166779  0.006679947953671217 
185.0 0.014631856232881546  0.006776241585612297 
186.0 0.012092712335288525  0.006772452965378761 
187.0 0.010110425762832165  0.006709313485771418 
188.0 0.005716901738196611  0.006669868715107441 
189.0 0.0073688579723238945  0.006589929573237896 
190.0 0.006032154895365238  0.0065470729023218155 
191.0 0.006647019647061825  0.006463692057877779 
192.0 0.0069525218568742275  0.006499599199742079 
193.0 0.013246092014014721  0.006588262971490622 
194.0 0.0073455097153782845  0.006366111803799868 
195.0 0.005988441873341799  0.006433873903006315 
196.0 0.0064298068173229694  0.0062461779452860355 
197.0 0.010213741101324558  0.0064850966446101665 
198.0 0.006138321943581104  0.0064382366836071014 
199.0 0.007670188322663307  0.006525236181914806 
