0.0 0.04452604055404663  0.09578658640384674 
1.0 0.02904227375984192  0.034015074372291565 
2.0 0.022147517651319504  0.025783881545066833 
3.0 0.01922662928700447  0.021693982183933258 
4.0 0.018299315124750137  0.019476046785712242 
5.0 0.016608886420726776  0.017961502075195312 
6.0 0.01577625423669815  0.016721777617931366 
7.0 0.01487040426582098  0.015868663787841797 
8.0 0.013889821246266365  0.0150399599224329 
9.0 0.013519329018890858  0.014330890029668808 
10.0 0.013067440129816532  0.0136607950553298 
11.0 0.013706107623875141  0.01302783377468586 
12.0 0.014425312168896198  0.012519840151071548 
13.0 0.01335610169917345  0.012132985517382622 
14.0 0.012546014040708542  0.011724173091351986 
15.0 0.01289157010614872  0.011380334384739399 
16.0 0.012800701893866062  0.011017980054020882 
17.0 0.01408016961067915  0.010643191635608673 
18.0 0.011097376234829426  0.010324914008378983 
19.0 0.010563022457063198  0.009960643947124481 
20.0 0.012372983619570732  0.009709781035780907 
21.0 0.010643135756254196  0.00943517405539751 
22.0 0.012124921195209026  0.00917833112180233 
23.0 0.011807544156908989  0.008925564587116241 
24.0 0.011162728071212769  0.008721022866666317 
25.0 0.010022415779531002  0.008543119765818119 
26.0 0.009820761159062386  0.008377010002732277 
27.0 0.00977314729243517  0.008252355270087719 
28.0 0.008926545269787312  0.008105775341391563 
29.0 0.008772438392043114  0.007914010435342789 
30.0 0.010052802972495556  0.007852627895772457 
31.0 0.009389287792146206  0.007718630600720644 
32.0 0.007823585532605648  0.0075348662212491035 
33.0 0.007847960107028484  0.007445420604199171 
34.0 0.008730810135602951  0.0073104240000247955 
35.0 0.007559274323284626  0.007206910755485296 
36.0 0.008834516629576683  0.007187807932496071 
37.0 0.007971809245646  0.007031637709587812 
38.0 0.008008047938346863  0.006950677838176489 
39.0 0.007067715283483267  0.006840625777840614 
40.0 0.006599955260753632  0.006734057795256376 
41.0 0.0066189696080982685  0.0066425916738808155 
42.0 0.007827986031770706  0.006584435235708952 
43.0 0.006212919484823942  0.0064612822607159615 
44.0 0.006199874449521303  0.006380084902048111 
45.0 0.006373471114784479  0.006312839686870575 
46.0 0.007432208862155676  0.006253594066947699 
47.0 0.0063895536586642265  0.006130513735115528 
48.0 0.006894470192492008  0.006141169462352991 
49.0 0.0058696991764009  0.006017448380589485 
50.0 0.006407842505723238  0.005977813154459 
51.0 0.005880194250494242  0.0058857291005551815 
52.0 0.005881320685148239  0.0058294981718063354 
53.0 0.005738579202443361  0.005733284633606672 
54.0 0.005392119288444519  0.005628752987831831 
55.0 0.005814710166305304  0.0055770897306501865 
56.0 0.006001702509820461  0.005542045459151268 
57.0 0.0051874141208827496  0.005551568232476711 
58.0 0.0054982127621769905  0.005416522268205881 
59.0 0.005695756059139967  0.005357487127184868 
60.0 0.005726764444261789  0.005360891111195087 
61.0 0.005551450420171022  0.005280096083879471 
62.0 0.005114796571433544  0.0051584928296506405 
63.0 0.005231999792158604  0.005133402533829212 
64.0 0.00622900016605854  0.005110147409141064 
65.0 0.0061767930164933205  0.005066808313131332 
66.0 0.005349359009414911  0.00508710416033864 
67.0 0.00601449329406023  0.004929553251713514 
68.0 0.004936589859426022  0.004904370754957199 
69.0 0.0066330707632005215  0.004927085246890783 
70.0 0.004908743780106306  0.00485823443159461 
71.0 0.004586611874401569  0.0048573873937129974 
72.0 0.0050336807034909725  0.004776219837367535 
73.0 0.005006882362067699  0.0047469837591052055 
74.0 0.004870341159403324  0.0047135185450315475 
75.0 0.004543233197182417  0.0047958954237401485 
76.0 0.004789324477314949  0.004760949406772852 
77.0 0.004927149508148432  0.0047097536735236645 
78.0 0.005763859488070011  0.004648434463888407 
79.0 0.004925040062516928  0.004556187894195318 
80.0 0.004064003471285105  0.004554842598736286 
81.0 0.00463941041380167  0.004536953754723072 
82.0 0.004061026033014059  0.004447910934686661 
83.0 0.004557108972221613  0.0044574798084795475 
84.0 0.004188454709947109  0.004411168862134218 
85.0 0.004703680984675884  0.004390697460621595 
86.0 0.004516539629548788  0.004326999187469482 
87.0 0.0047613936476409435  0.004360911902040243 
88.0 0.0056645493023097515  0.004291258752346039 
89.0 0.0037919594906270504  0.004342017695307732 
90.0 0.004515158012509346  0.0042330436408519745 
91.0 0.00535932183265686  0.004247062373906374 
92.0 0.00393918389454484  0.004227844066917896 
93.0 0.004731354303658009  0.004152459092438221 
94.0 0.003881765529513359  0.004164422396570444 
95.0 0.0047270311042666435  0.004164922051131725 
96.0 0.0056337472051382065  0.004064691253006458 
97.0 0.003981138579547405  0.004075158853083849 
98.0 0.004488211125135422  0.004070138558745384 
99.0 0.004763783887028694  0.004034286830574274 
100.0 0.004326190333813429  0.004021073691546917 
101.0 0.004123072139918804  0.003962223418056965 
102.0 0.0038652094081044197  0.003953390289098024 
103.0 0.0038358878809958696  0.003924986347556114 
104.0 0.004851310048252344  0.003869778010994196 
105.0 0.004506747238337994  0.0038826975505799055 
106.0 0.004144811537116766  0.003831334877759218 
107.0 0.0048019783571362495  0.0037872674874961376 
108.0 0.003779365448281169  0.003807889996096492 
109.0 0.003495272481814027  0.003823850303888321 
110.0 0.003481098683550954  0.0038142933044582605 
111.0 0.0033754464238882065  0.003741620108485222 
112.0 0.004008763004094362  0.003673205617815256 
113.0 0.0037649618461728096  0.0036977382842451334 
114.0 0.0032210375647991896  0.003685252508148551 
115.0 0.004368213005363941  0.0036618649028241634 
116.0 0.003280663164332509  0.0036260331980884075 
117.0 0.0036726421676576138  0.0035984073765575886 
118.0 0.003199016209691763  0.003651173086836934 
119.0 0.004153762478381395  0.0035752388648688793 
120.0 0.0042595346458256245  0.0035724977497011423 
121.0 0.0037634021136909723  0.0035449445713311434 
122.0 0.004074104595929384  0.003493695519864559 
123.0 0.0034573348239064217  0.0034672704059630632 
124.0 0.003380673471838236  0.003484461922198534 
125.0 0.0031425959896296263  0.0035032862797379494 
126.0 0.0035271032247692347  0.0035034227184951305 
127.0 0.003392664948478341  0.0034977777395397425 
128.0 0.003244871972128749  0.0034182865638285875 
129.0 0.0037724743597209454  0.003461903892457485 
130.0 0.003094336949288845  0.0034572749864310026 
131.0 0.003084713825955987  0.0033971217926591635 
132.0 0.0030162930488586426  0.003401392139494419 
133.0 0.0032205209136009216  0.0033031778875738382 
134.0 0.0031274466309696436  0.0033480466809123755 
135.0 0.00358185893855989  0.0032915177289396524 
136.0 0.0029598937835544348  0.003331549698486924 
137.0 0.004245031625032425  0.0033054896630346775 
138.0 0.003106707241386175  0.003282280173152685 
139.0 0.003460593754425645  0.0033110473304986954 
140.0 0.0032263558823615313  0.0032406183890998363 
141.0 0.004231304861605167  0.0032549607567489147 
142.0 0.003518305718898773  0.0032256224658340216 
143.0 0.0034416941925883293  0.0032271984964609146 
144.0 0.0035638127010315657  0.003198794322088361 
145.0 0.0032943214755505323  0.0032123331911861897 
146.0 0.00302916974760592  0.0031855693086981773 
147.0 0.0030464008450508118  0.003189795184880495 
148.0 0.0033367311116307974  0.003177437698468566 
149.0 0.004087388515472412  0.0031627067364752293 
150.0 0.003594747046008706  0.003124085022136569 
151.0 0.002911836374551058  0.0031799604184925556 
152.0 0.0034266668371856213  0.003133348422124982 
153.0 0.0030267382971942425  0.0030524483881890774 
154.0 0.005145670846104622  0.003098066197708249 
155.0 0.0031108467373996973  0.003112646983936429 
156.0 0.002976486226543784  0.0030540490988641977 
157.0 0.0032429622951895  0.003019302384927869 
158.0 0.002969711786136031  0.003065552096813917 
159.0 0.005157922860234976  0.003032454987987876 
160.0 0.0035956797655671835  0.0030496229883283377 
161.0 0.0030634321738034487  0.003040512790903449 
162.0 0.0028913309797644615  0.0029652840457856655 
163.0 0.0030766392592340708  0.0029966398142278194 
164.0 0.004193172790110111  0.002978433622047305 
165.0 0.003598761511966586  0.002960049081593752 
166.0 0.002905093366280198  0.0029859987553209066 
167.0 0.0034084690269082785  0.002954810159280896 
168.0 0.003281664801761508  0.0029344900976866484 
169.0 0.003095421940088272  0.002904771827161312 
170.0 0.0027980494778603315  0.0029125255532562733 
171.0 0.003406673902645707  0.0029122838750481606 
172.0 0.0034501219633966684  0.0029258467257022858 
173.0 0.0026208271738141775  0.002889396622776985 
174.0 0.00276578008197248  0.0028757008258253336 
175.0 0.0035539676900953054  0.0029137975070625544 
176.0 0.0032626816537231207  0.0028819642029702663 
177.0 0.0027042170986533165  0.002863207831978798 
178.0 0.003092172322794795  0.0028364132158458233 
179.0 0.0027491129003465176  0.0028263218700885773 
180.0 0.0028963435906916857  0.0028159499634057283 
181.0 0.00262830825522542  0.0028120032511651516 
182.0 0.003375314874574542  0.0027859192341566086 
183.0 0.0026053208857774734  0.0028443997725844383 
184.0 0.0026697232387959957  0.0027824651915580034 
185.0 0.0026078755035996437  0.0027872424107044935 
186.0 0.0028524252120405436  0.0027521748561412096 
187.0 0.0029552222695201635  0.002733835717663169 
188.0 0.003291529603302479  0.0027804155834019184 
189.0 0.002821070607751608  0.002738960785791278 
190.0 0.0027630089316517115  0.002736815018579364 
191.0 0.002825721399858594  0.0027242498472332954 
192.0 0.003223664127290249  0.0027340755332261324 
193.0 0.002694274066016078  0.0027031940408051014 
194.0 0.0029567410238087177  0.002698326949030161 
195.0 0.002914505312219262  0.0026735225692391396 
196.0 0.002861910732463002  0.002736374270170927 
197.0 0.0038155619986355305  0.002651836723089218 
198.0 0.0025490703992545605  0.0026995278894901276 
199.0 0.002604771638289094  0.002666122978553176 
