0.0 0.07701154053211212  0.14292334020137787 
1.0 0.04979061707854271  0.05902935564517975 
2.0 0.041233789175748825  0.04414203390479088 
3.0 0.035877685993909836  0.03781016170978546 
4.0 0.03278306871652603  0.033664774149656296 
5.0 0.03145084157586098  0.030578244477510452 
6.0 0.02868620865046978  0.028471359983086586 
7.0 0.02756628207862377  0.026839081197977066 
8.0 0.025522911921143532  0.02553567662835121 
9.0 0.024744292721152306  0.024513084441423416 
10.0 0.023915423080325127  0.02362447790801525 
11.0 0.022670459002256393  0.022742101922631264 
12.0 0.02230275422334671  0.021949615329504013 
13.0 0.021991178393363953  0.021243561059236526 
14.0 0.01991763338446617  0.02059980481863022 
15.0 0.02004842646420002  0.019963691011071205 
16.0 0.019138308241963387  0.019404707476496696 
17.0 0.019180599600076675  0.018836861476302147 
18.0 0.01916768215596676  0.01829575002193451 
19.0 0.01949845440685749  0.01778002269566059 
20.0 0.017543775960803032  0.017358999699354172 
21.0 0.01710999757051468  0.01695714145898819 
22.0 0.017656929790973663  0.01655064895749092 
23.0 0.017161468043923378  0.016132349148392677 
24.0 0.01733569987118244  0.01572880707681179 
25.0 0.017905963584780693  0.015420773066580296 
26.0 0.02012723684310913  0.015107914805412292 
27.0 0.01977485790848732  0.014825211837887764 
28.0 0.018325679004192352  0.014600424095988274 
29.0 0.018441494554281235  0.014307636767625809 
30.0 0.01663525216281414  0.014058315195143223 
31.0 0.018309449777007103  0.013835643418133259 
32.0 0.016095178201794624  0.013644912280142307 
33.0 0.01570655219256878  0.01335436012595892 
34.0 0.014747507870197296  0.01314549334347248 
35.0 0.015844475477933884  0.0129128098487854 
36.0 0.01403000857681036  0.012717284262180328 
37.0 0.013186967000365257  0.012490248307585716 
38.0 0.012649690732359886  0.012291442602872849 
39.0 0.012683937326073647  0.01210219506174326 
40.0 0.01223313994705677  0.011953321285545826 
41.0 0.013681121170520782  0.011716879904270172 
42.0 0.013508695177733898  0.01158458273857832 
43.0 0.014346342533826828  0.011392158456146717 
44.0 0.013281643390655518  0.011264211498200893 
45.0 0.014041678979992867  0.011125825345516205 
46.0 0.01289399340748787  0.010957174003124237 
47.0 0.014398448169231415  0.01082294899970293 
48.0 0.01347370259463787  0.010707351379096508 
49.0 0.014585350640118122  0.010589003562927246 
50.0 0.013002113439142704  0.01049327664077282 
51.0 0.014028816483914852  0.010375396348536015 
52.0 0.012581221759319305  0.010286380536854267 
53.0 0.010563492774963379  0.010178410448133945 
54.0 0.010989921167492867  0.01004751306027174 
55.0 0.011550634168088436  0.010013636201620102 
56.0 0.010228192433714867  0.009922589175403118 
57.0 0.010371755808591843  0.009800191968679428 
58.0 0.010097087360918522  0.009706564247608185 
59.0 0.011395738460123539  0.009648028761148453 
60.0 0.011088198982179165  0.00960597675293684 
61.0 0.010528749786317348  0.009506849572062492 
62.0 0.010545983910560608  0.009442619979381561 
63.0 0.009497608058154583  0.009391235187649727 
64.0 0.009368249215185642  0.009301410056650639 
65.0 0.009192610159516335  0.009217985905706882 
66.0 0.008990226313471794  0.00914786383509636 
67.0 0.008749808184802532  0.009065764024853706 
68.0 0.009275026619434357  0.009027618914842606 
69.0 0.009306839667260647  0.008972221054136753 
70.0 0.00869844015687704  0.008901028893887997 
71.0 0.009216807782649994  0.008871647529304028 
72.0 0.009285488165915012  0.008771800436079502 
73.0 0.008623768575489521  0.008745442144572735 
74.0 0.008927122689783573  0.008667982183396816 
75.0 0.008735963143408298  0.008635365404188633 
76.0 0.008738717995584011  0.008593136444687843 
77.0 0.009206786751747131  0.008536101318895817 
78.0 0.009190536104142666  0.008470401167869568 
79.0 0.007696598302572966  0.008451472967863083 
80.0 0.007833123207092285  0.008393973112106323 
81.0 0.008885569870471954  0.008337480016052723 
82.0 0.008190658874809742  0.008270292542874813 
83.0 0.00872656237334013  0.008234238252043724 
84.0 0.007885459810495377  0.008173586800694466 
85.0 0.008665906265377998  0.008186767809092999 
86.0 0.008462737314403057  0.008015747182071209 
87.0 0.007626937236636877  0.00807794276624918 
88.0 0.00912382174283266  0.008006283082067966 
89.0 0.008162887766957283  0.00789510365575552 
90.0 0.007581739686429501  0.007864866405725479 
91.0 0.008191198110580444  0.007809590548276901 
92.0 0.007465393748134375  0.007722330279648304 
93.0 0.010206704027950764  0.007736302446573973 
94.0 0.008882294408977032  0.0076078129932284355 
95.0 0.007695786654949188  0.007621378637850285 
96.0 0.007320693228393793  0.007460004184395075 
97.0 0.008795579895377159  0.0074686333537101746 
98.0 0.007397239096462727  0.007371151819825172 
99.0 0.007214916404336691  0.007235506549477577 
100.0 0.008801590651273727  0.007193510886281729 
101.0 0.007446702569723129  0.007053298410028219 
102.0 0.0070251477882266045  0.007145517971366644 
103.0 0.008368520066142082  0.0071146017871797085 
104.0 0.0069118039682507515  0.007028368301689625 
105.0 0.007147514261305332  0.007052792701870203 
106.0 0.006581827532500029  0.0068819220177829266 
107.0 0.007171313744038343  0.006844222545623779 
108.0 0.006415089126676321  0.006893428973853588 
109.0 0.007837710902094841  0.006826464552432299 
110.0 0.007808053866028786  0.006811928004026413 
111.0 0.007241983897984028  0.0067404164001345634 
112.0 0.007330009713768959  0.006816992070525885 
113.0 0.006681495346128941  0.006717680487781763 
114.0 0.007893878035247326  0.006604199763387442 
115.0 0.007805416826158762  0.006638846825808287 
116.0 0.008869832381606102  0.006526531185954809 
117.0 0.007363415788859129  0.006591207347810268 
118.0 0.006018457468599081  0.00659980159252882 
119.0 0.006163975689560175  0.006461423821747303 
120.0 0.0058208336122334  0.006452520377933979 
121.0 0.005834657698869705  0.006548881530761719 
122.0 0.0059261079877614975  0.006438445299863815 
123.0 0.006817590445280075  0.006498522590845823 
124.0 0.006569983903318644  0.006358932238072157 
125.0 0.008298523724079132  0.006384086795151234 
126.0 0.007836529985070229  0.00638918299227953 
127.0 0.0070851631462574005  0.006288324017077684 
128.0 0.006881981622427702  0.006279448047280312 
129.0 0.007049274630844593  0.006339071784168482 
130.0 0.005356133915483952  0.006202433258295059 
131.0 0.007982652634382248  0.0061865863390266895 
132.0 0.006612901575863361  0.006145952735096216 
133.0 0.007490907330065966  0.006097563076764345 
134.0 0.01035198662430048  0.006234773900359869 
135.0 0.0051936618983745575  0.006014764308929443 
136.0 0.006955650169402361  0.006062541157007217 
137.0 0.00817850511521101  0.006004948168992996 
138.0 0.005950023420155048  0.006013725884258747 
139.0 0.005742458626627922  0.005917566828429699 
140.0 0.0057263607159256935  0.005946645047515631 
141.0 0.0067795091308653355  0.005833030212670565 
142.0 0.0054368251003324986  0.00593502027913928 
143.0 0.005938312504440546  0.005808910354971886 
144.0 0.0052031949162483215  0.0058928257785737514 
145.0 0.006430335342884064  0.005840217228978872 
146.0 0.00690492196008563  0.005830171052366495 
147.0 0.00574189517647028  0.005774601828306913 
148.0 0.00602209335193038  0.005768806207925081 
149.0 0.006606945767998695  0.005721684545278549 
150.0 0.005310329608619213  0.005758422892540693 
151.0 0.008663622662425041  0.005696746986359358 
152.0 0.009825212880969048  0.005580052267760038 
153.0 0.006294561084359884  0.00568248238414526 
154.0 0.0064400071278214455  0.005520245060324669 
155.0 0.006971507798880339  0.005574221257120371 
