0.0 0.06914222240447998  0.10669086128473282 
1.0 0.04990112781524658  0.05885682255029678 
2.0 0.041141558438539505  0.04206952080130577 
3.0 0.02928312122821808  0.03187383711338043 
4.0 0.027433201670646667  0.0265678558498621 
5.0 0.02740105427801609  0.02310715988278389 
6.0 0.024641267955303192  0.020750079303979874 
7.0 0.023085879161953926  0.019201429560780525 
8.0 0.028025435283780098  0.017913611605763435 
9.0 0.01703110709786415  0.016979491338133812 
10.0 0.019584722816944122  0.01627807319164276 
11.0 0.016201702877879143  0.015120550990104675 
12.0 0.015169181860983372  0.014772694557905197 
13.0 0.014204415492713451  0.01416685152798891 
14.0 0.013454033993184566  0.013806268572807312 
15.0 0.01349795050919056  0.01333249919116497 
16.0 0.013981824740767479  0.013014039024710655 
17.0 0.01560176257044077  0.012633327394723892 
18.0 0.012258202768862247  0.01235988549888134 
19.0 0.010916560888290405  0.012371604330837727 
20.0 0.013114460743963718  0.011620747856795788 
21.0 0.010422591120004654  0.011616699397563934 
22.0 0.010592238046228886  0.011452085338532925 
23.0 0.010136581026017666  0.011071808636188507 
24.0 0.011183985508978367  0.010769431479275227 
25.0 0.009330992586910725  0.010525133460760117 
26.0 0.008960769511759281  0.010327385738492012 
27.0 0.012706655077636242  0.010305113159120083 
28.0 0.009197347797453403  0.010045632719993591 
29.0 0.008183665573596954  0.009886667132377625 
30.0 0.008539418689906597  0.009692583233118057 
31.0 0.008227836340665817  0.009713550098240376 
32.0 0.009019467979669571  0.009501910768449306 
33.0 0.008946238085627556  0.00928526371717453 
34.0 0.008419360965490341  0.009039792232215405 
35.0 0.008117115125060081  0.009096111170947552 
36.0 0.010640332475304604  0.008836138993501663 
37.0 0.0092062558978796  0.00863330252468586 
38.0 0.007977538742125034  0.008639075793325901 
39.0 0.007698758039623499  0.008584209717810154 
40.0 0.007793668191879988  0.008344446308910847 
41.0 0.007690612226724625  0.0083526112139225 
42.0 0.00889680627733469  0.008174621500074863 
43.0 0.007808190304785967  0.00809450913220644 
44.0 0.007747563999146223  0.007908957079052925 
45.0 0.00842728279531002  0.007948321290314198 
46.0 0.007914734072983265  0.007767700124531984 
47.0 0.009684697724878788  0.007699552923440933 
48.0 0.007401471026241779  0.0076736342161893845 
49.0 0.007984395138919353  0.007473995443433523 
50.0 0.009413067251443863  0.007430880330502987 
51.0 0.008268888108432293  0.007401995826512575 
52.0 0.007901802659034729  0.007339291274547577 
53.0 0.00696674594655633  0.0072857593186199665 
54.0 0.006709420587867498  0.007162430323660374 
55.0 0.0068472097627818584  0.007010381668806076 
56.0 0.007885605096817017  0.006935897748917341 
57.0 0.007007972802966833  0.006800840608775616 
58.0 0.006544854026287794  0.0066919042728841305 
59.0 0.007398691494017839  0.006675643380731344 
60.0 0.006440445315092802  0.0065066879615187645 
61.0 0.007396166678518057  0.006425962783396244 
62.0 0.008654847741127014  0.006402359809726477 
63.0 0.007225004956126213  0.006364293862134218 
64.0 0.006567701697349548  0.006185939535498619 
65.0 0.006283408496528864  0.006242795381695032 
66.0 0.006017354317009449  0.006000626366585493 
67.0 0.00592048279941082  0.006051583215594292 
68.0 0.006869290955364704  0.005847170948982239 
69.0 0.005937759764492512  0.005844792351126671 
70.0 0.006616039201617241  0.005745364353060722 
71.0 0.005453247111290693  0.005469372030347586 
72.0 0.0061087594367563725  0.005690312013030052 
73.0 0.006112581118941307  0.0054719215258955956 
74.0 0.005160131026059389  0.005467201583087444 
75.0 0.006372392177581787  0.005432493053376675 
76.0 0.0053436774760484695  0.005330468527972698 
77.0 0.005070615094155073  0.005181418731808662 
78.0 0.005439805798232555  0.005155004095286131 
79.0 0.005602886900305748  0.004988787230104208 
80.0 0.006213918328285217  0.005066793877631426 
81.0 0.00454705161973834  0.005023433361202478 
82.0 0.004888460505753756  0.00491142924875021 
83.0 0.004364162217825651  0.004903334192931652 
84.0 0.004466469865292311  0.004746318329125643 
85.0 0.004790003411471844  0.004625613801181316 
86.0 0.005021211691200733  0.004613621160387993 
87.0 0.003992436919361353  0.004624333698302507 
88.0 0.004831389524042606  0.004538567736744881 
89.0 0.004387942608445883  0.004639186430722475 
90.0 0.004844716750085354  0.004465174395591021 
91.0 0.004281638655811548  0.004483235068619251 
92.0 0.003970944322645664  0.004419251345098019 
93.0 0.004194408189505339  0.004384753294289112 
94.0 0.004247051198035479  0.00435180077329278 
95.0 0.0038438409101217985  0.004308085422962904 
96.0 0.0040668402798473835  0.004252293612807989 
97.0 0.0037313816137611866  0.00419812835752964 
98.0 0.004563280381262302  0.0041349190287292 
99.0 0.003479706821963191  0.004126081243157387 
100.0 0.004006283823400736  0.004046312998980284 
101.0 0.004607683047652245  0.0040552737191319466 
102.0 0.0036968167405575514  0.0039983787573874 
103.0 0.0043498012237250805  0.004011600278317928 
104.0 0.005260269157588482  0.003912726417183876 
105.0 0.0044316621497273445  0.00397480558604002 
106.0 0.005060258787125349  0.00382391014136374 
107.0 0.003989729098975658  0.0038608985487371683 
108.0 0.00388096715323627  0.003808228997513652 
109.0 0.003359271213412285  0.0038287679199129343 
110.0 0.003674000035971403  0.0038026177790015936 
111.0 0.005223137326538563  0.003710875753313303 
112.0 0.004131551366299391  0.0036669981200248003 
113.0 0.0053219362162053585  0.00363771035335958 
114.0 0.004494695458561182  0.003597205737605691 
115.0 0.0034089554101228714  0.003610646352171898 
116.0 0.004297214560210705  0.0035877085756510496 
117.0 0.004247143864631653  0.003565433667972684 
118.0 0.004518121015280485  0.0035583015996962786 
119.0 0.00384090980514884  0.0035134474746882915 
120.0 0.004190764855593443  0.0034898542799055576 
121.0 0.004397111479192972  0.0034901672042906284 
122.0 0.0038331698160618544  0.003478000173345208 
123.0 0.003921384923160076  0.003414166858419776 
124.0 0.00450238399207592  0.00339108076877892 
125.0 0.00433323672041297  0.0033470317721366882 
126.0 0.0035153126809746027  0.003427207702770829 
127.0 0.0031335395760834217  0.003319832496345043 
128.0 0.004382609389722347  0.003363869385793805 
129.0 0.0041014947928488255  0.0033289343118667603 
130.0 0.003848938038572669  0.0032721860334277153 
131.0 0.003868620842695236  0.003281664103269577 
132.0 0.004221899900585413  0.0032806009985506535 
133.0 0.0035041505470871925  0.003196564270183444 
134.0 0.003834679489955306  0.0032409147825092077 
135.0 0.003935236483812332  0.0032357745803892612 
136.0 0.0038444718811661005  0.0031888550147414207 
137.0 0.003480146871879697  0.0031065456569194794 
138.0 0.003637954592704773  0.003174884943291545 
139.0 0.0037115514278411865  0.0031581558287143707 
140.0 0.003727585542947054  0.003122160444036126 
141.0 0.003776430618017912  0.00314262043684721 
142.0 0.003884438890963793  0.003088788827881217 
143.0 0.0037771796341985464  0.0030780097004026175 
144.0 0.0037952777929604053  0.003054768079891801 
145.0 0.003503471612930298  0.003036608686670661 
146.0 0.0038487552665174007  0.0030481063295155764 
147.0 0.003364672651514411  0.0030387851875275373 
