0.0 0.08864457160234451  0.10085030645132065 
1.0 0.0749923437833786  0.07954973727464676 
2.0 0.07239122688770294  0.06935025751590729 
3.0 0.06548786908388138  0.0625864714384079 
4.0 0.06797800213098526  0.057423438876867294 
5.0 0.05110568925738335  0.053754232823848724 
6.0 0.05904069542884827  0.05107980966567993 
7.0 0.05269288644194603  0.04871639981865883 
8.0 0.04722796007990837  0.04691643267869949 
9.0 0.050585996359586716  0.04564623907208443 
10.0 0.045698102563619614  0.04460052773356438 
11.0 0.04150596261024475  0.04338817670941353 
12.0 0.04271812364459038  0.04232824966311455 
13.0 0.03863836079835892  0.04095001891255379 
14.0 0.04619118571281433  0.04028524458408356 
15.0 0.038452163338661194  0.039478644728660583 
16.0 0.035285163670778275  0.038091644644737244 
17.0 0.04009922966361046  0.03757240250706673 
18.0 0.03397123143076897  0.03692610189318657 
19.0 0.03176261857151985  0.03613203391432762 
20.0 0.0317988283932209  0.03546980768442154 
21.0 0.03623633459210396  0.03437819704413414 
22.0 0.032488081604242325  0.034338999539613724 
23.0 0.035612475126981735  0.03392830491065979 
24.0 0.03620387986302376  0.03396495804190636 
25.0 0.0340939462184906  0.03229402378201485 
26.0 0.03792300075292587  0.03245539590716362 
27.0 0.04059094190597534  0.03183269873261452 
28.0 0.03579386696219444  0.03137397766113281 
29.0 0.03129475563764572  0.03161737322807312 
30.0 0.02849137969315052  0.029624436050653458 
31.0 0.027730083093047142  0.02858033962547779 
32.0 0.03015582077205181  0.029584165662527084 
33.0 0.046729329973459244  0.028034009039402008 
34.0 0.03660532832145691  0.02897961437702179 
35.0 0.029528783634305  0.02809530310332775 
36.0 0.03319631889462471  0.027490582317113876 
37.0 0.029906459152698517  0.026971859857439995 
38.0 0.03165999799966812  0.026578189805150032 
39.0 0.03416585177183151  0.025929521769285202 
40.0 0.025604935362935066  0.026401031762361526 
41.0 0.02524082362651825  0.024956198409199715 
42.0 0.0342411994934082  0.02515544183552265 
43.0 0.027734331786632538  0.025002431124448776 
44.0 0.02333630807697773  0.024106234312057495 
45.0 0.024262255057692528  0.023998619988560677 
46.0 0.021829629316926003  0.02325875498354435 
47.0 0.022915558889508247  0.023036226630210876 
48.0 0.028659110888838768  0.022291038185358047 
49.0 0.020305700600147247  0.022139040753245354 
50.0 0.02406422048807144  0.021910060197114944 
51.0 0.02238675393164158  0.02231132797896862 
52.0 0.03955145180225372  0.021463565528392792 
53.0 0.02088911458849907  0.022503096610307693 
54.0 0.017444970086216927  0.02060660719871521 
55.0 0.022222885861992836  0.02072005346417427 
56.0 0.02187325246632099  0.02082478255033493 
57.0 0.01964721456170082  0.02013566717505455 
58.0 0.018682409077882767  0.020491816103458405 
59.0 0.01979699172079563  0.019899830222129822 
60.0 0.024556826800107956  0.019891880452632904 
61.0 0.02094126306474209  0.019836382940411568 
62.0 0.022768164053559303  0.019083939492702484 
63.0 0.015794487670063972  0.01950101926922798 
64.0 0.01697203703224659  0.01910889521241188 
65.0 0.020808355882763863  0.018354251980781555 
66.0 0.01786092296242714  0.0189681276679039 
67.0 0.01648295484483242  0.018525468185544014 
68.0 0.019821539521217346  0.018258972093462944 
69.0 0.01603141985833645  0.017951060086488724 
70.0 0.015255428850650787  0.018224071711301804 
71.0 0.026313770562410355  0.018428917974233627 
72.0 0.01572745107114315  0.018142828717827797 
73.0 0.015875194221735  0.017886493355035782 
74.0 0.01537456177175045  0.017342768609523773 
75.0 0.015538157895207405  0.017212599515914917 
76.0 0.014421747997403145  0.017479443922638893 
77.0 0.016247691586613655  0.01718907058238983 
78.0 0.01972711645066738  0.0174347385764122 
79.0 0.01881294697523117  0.01680029183626175 
80.0 0.020268622785806656  0.01677626743912697 
81.0 0.0209053885191679  0.0163801908493042 
82.0 0.024812107905745506  0.01637325994670391 
83.0 0.013921146281063557  0.01671622134745121 
84.0 0.017422933131456375  0.016515370458364487 
85.0 0.013078128919005394  0.01602679118514061 
86.0 0.01649099588394165  0.016366761177778244 
87.0 0.013936735689640045  0.0162041112780571 
88.0 0.013729646801948547  0.01612495444715023 
89.0 0.013865133747458458  0.0164326224476099 
90.0 0.01371186412870884  0.016024760901927948 
91.0 0.021381990984082222  0.01574491523206234 
92.0 0.018800310790538788  0.01583860069513321 
93.0 0.013554663397371769  0.016161484643816948 
94.0 0.013373843394219875  0.01522420346736908 
95.0 0.01582322269678116  0.015376082621514797 
96.0 0.013049112632870674  0.015174145810306072 
97.0 0.01285640336573124  0.0151954535394907 
98.0 0.014073527418076992  0.015066462568938732 
99.0 0.013606064021587372  0.015413045883178711 
100.0 0.013270700350403786  0.014921928755939007 
101.0 0.013619513250887394  0.015088879503309727 
102.0 0.017822781577706337  0.015050276182591915 
103.0 0.011832216754555702  0.014570104889571667 
104.0 0.013685567304491997  0.01461762934923172 
105.0 0.013214324600994587  0.01438167504966259 
106.0 0.011898179538547993  0.014272698201239109 
107.0 0.021877508610486984  0.014326658099889755 
108.0 0.01638810709118843  0.01476711593568325 
109.0 0.02127786912024021  0.014385654591023922 
110.0 0.01138466689735651  0.014339085668325424 
111.0 0.011789553798735142  0.014194243587553501 
112.0 0.017236191779375076  0.013720618560910225 
113.0 0.012798343785107136  0.014272337779402733 
114.0 0.014903646893799305  0.01407160609960556 
115.0 0.011552083306014538  0.014336521737277508 
116.0 0.012267476879060268  0.01389588974416256 
117.0 0.01695479452610016  0.013428552076220512 
118.0 0.011498665437102318  0.01425115391612053 
119.0 0.010762031190097332  0.013289399445056915 
120.0 0.016552429646253586  0.01336641050875187 
121.0 0.020131519064307213  0.013440472073853016 
122.0 0.013323851861059666  0.01400070358067751 
123.0 0.010929591953754425  0.013427555561065674 
124.0 0.011550899595022202  0.013273429125547409 
125.0 0.010446742177009583  0.013154568150639534 
126.0 0.016894804313778877  0.013480003923177719 
127.0 0.022565947845578194  0.013311457820236683 
128.0 0.014584757387638092  0.013377087190747261 
129.0 0.014578337781131268  0.013324592262506485 
130.0 0.022462056949734688  0.013089709915220737 
131.0 0.01481406856328249  0.013011823408305645 
132.0 0.012972479686141014  0.013171207159757614 
133.0 0.012339489534497261  0.012941582128405571 
134.0 0.012995406053960323  0.012995113618671894 
135.0 0.014863786287605762  0.012858533300459385 
136.0 0.013063132762908936  0.012948259711265564 
137.0 0.014645575545728207  0.012776735238730907 
138.0 0.015353253111243248  0.013366135768592358 
139.0 0.012489504180848598  0.012651310302317142 
140.0 0.011038394644856453  0.012557127512991428 
141.0 0.013057682663202286  0.012581978924572468 
142.0 0.011740895919501781  0.012410196475684643 
143.0 0.018324464559555054  0.012610197067260742 
144.0 0.011602886952459812  0.01231515035033226 
145.0 0.014908171258866787  0.01237571518868208 
